Количество входных данных: 500
Входные образцы Х:
0.9927702257060481
0.3787697861937145
0.16709954279340156
0.7712437004713194
0.44266282053501504
0.37472778257506234
0.8300296395900413
0.18143990978813518
0.600525960051057
0.5573450294474139
0.32669051390878057
0.16583387591439813
0.7658654015871309
0.06258213446653504
0.9074612657380878
0.7024658475567106
0.1196000083896206
0.005862188326426154
0.5258941909297324
0.4583428828290169
0.8432701085022327
0.11018300570456885
0.19529897216806547
0.02388798322661012
0.363914674547565
0.24085041130411244
0.49023684543307355
0.3321629610782495
0.02017942706262421
0.5215454770720963
0.303428557508719
0.7564253644523864
0.48916454746519067
0.8206969202271787
0.46565101268998077
0.0719632809958024
0.5137150056377053
0.9176373748129748
0.9895170923428798
0.06678448705945295
0.8263021228918233
0.5847798461736476
0.5076037078655203
0.09061891597271732
0.6783407116270305
0.1550592569976924
0.941213821815135
0.24282677294022348
0.05273079603019171
0.8831406449639916
0.5581276024017784
0.21718699091211735
0.4626086396444774
0.5544045819867638
0.3560194010637855
0.04517381555261546
0.22073696133922782
0.34747732794813135
0.1427862271722521
0.10921168269028081
0.20165970520663512
0.9140813262794931
0.7758548746541023
0.833532205132302
0.41269176733627255
0.004239807020944508
0.7696044813367102
0.40263885841795
0.14000967165226574
0.7353762631564235
0.8833616062989309
0.7060185871648071
0.04255432966250683
0.7806084181256394
0.36199583385914913
0.4626220052884148
0.32915229621001385
0.33454313215024445
0.21696341358146198
0.13976656506315266
0.07320750904613693
0.7041371084621492
0.30771728055121295
0.848500394268471
0.7945104354906374
0.7676960672156741
0.011722181021442957
0.8710965401814084
0.6691572602150287
0.34684232930815995
0.9558833467461577
0.8562309600554421
0.11626662495757956
0.7442893571708911
0.6230181838479057
0.0035298542406930755
0.054127202285704445
0.31451897810890017
0.6440704443348895
0.7515549513150699
0.8186043377306055
0.9549649733362592
0.24008629896213818
0.5819283645508818
0.593079424130977
0.8320648415252346
0.5875429254232176
0.5571807963705616
0.21189108709903348
0.4895489453935026
0.8464395217184911
0.1210407798516624
0.3681925866572682
0.7255942795991619
0.2126318060657275
0.5072641713023739
0.5823346451545129
0.27097790863236226
0.6342108532480368
0.8267370138160688
0.7683291774094921
0.3521228932989039
0.7662976289952845
0.5324669167946963
0.8736437281843916
0.6809372090816987
0.32944495460093026
0.4982116530721342
0.8615224504433303
0.27760432538461777
0.28390872937621625
0.38887555972021626
0.2552242945757536
0.8029914799101366
0.13537078889468235
0.3494381320619194
0.5700147802229076
0.7541000651389891
0.24726597761941416
0.2940612124590002
0.22144270901362484
0.9589893661658618
0.25068631246806805
0.2381544508232375
0.9173785957830461
0.29686417431353906
0.5149054048484306
0.1835615090855216
0.1164871198891031
0.4645231547784725
0.16988678640516786
0.040661886452299845
0.8672508863066294
0.9121235291634208
0.3567098968135235
0.9510665674865105
0.22935817704103734
0.7792251582558483
0.22266779178100626
0.16071816763195557
0.5232129435451508
0.7763351904477338
0.6748612649851775
0.2855893757733349
0.853520339889468
0.4776814972402317
0.05943402080438687
0.4108058104751068
0.7093462502765943
0.417702174270968
0.7431638284699869
0.9689026889091334
0.9557452681629017
0.7167448993884865
0.03994551580525496
0.7540574650475853
0.20099591945840012
0.7007286470467352
0.0467708825356562
0.7465229754754443
0.3486781503968587
0.12502774833659303
0.7321322121753473
0.6451190974799419
0.125272854039983
0.1645959888227566
0.054345194838585686
0.1355231503212595
0.5116585145598334
0.2903565010244472
0.978108226241465
0.9582324621516612
0.3008260097408163
0.5161408749081329
0.004684897690213741
0.7824551471093105
0.4543267112602306
0.270968714591604
0.2344170943574161
0.740818068836866
0.5364159084068051
0.32821669338199466
0.03984595470848917
0.23466359711594031
0.26754726371313176
0.8062341065938335
0.14353921792944724
0.2808398832281843
0.15782065759109287
0.2442194707763049
0.2667923839261297
0.23827180986039398
0.2561803270745171
0.15268077799242574
0.5436928324199211
0.22623297317842506
0.2826056612249289
0.2395596607648086
0.5796056019665538
0.9261214336785952
0.7982325779816672
0.7211077171923038
0.3739595836807065
0.7446754210331228
0.6122884483880926
0.7408608414910361
0.32428422782133604
0.5089470141689832
0.3249188141602747
0.9405652286709458
0.18176605201277807
0.9619858112511428
0.7614298422974052
0.6536669520388362
0.13816524145349363
0.33306647844818515
0.06616529436434582
0.024984069198047076
0.18975265748078018
0.1674272784102827
0.3931823973339269
0.5994388678091827
0.5459981114319391
0.41786935173997153
0.4560863145762587
0.5682348681326961
0.12906077278899164
0.5241997004665422
0.680827885020913
0.9126218335480261
0.1447030326905634
0.8363830860347533
0.3429652369975741
0.14339895007412629
0.2960697529189289
0.2734010894192235
0.8648345854097732
0.19856502317550973
0.458844389428387
0.5521997320261633
0.3982710579760327
0.33203180107668706
0.5396147897914086
0.6697393246662785
0.9249660083239166
0.5030743055770655
0.7988508450145627
0.5760433713148854
0.3692419176638486
0.8592005425742565
0.1357170701853101
0.13727597410606007
0.6369720467868845
0.3943796270677403
0.7040133452780214
0.5552601899089827
0.06956671950912119
0.7600764828613867
0.7568573016380514
0.38348262556357715
0.5333938369073666
0.5082980673385304
0.8022920868682579
0.15951185588005257
0.25269622512257084
0.7538641922327897
0.9928239877024709
0.4598919280828261
0.5380138704398868
0.357374225465229
0.16896386372691619
0.8759541045561958
0.7623146808627115
0.2508481194743897
0.13016768864848216
0.007623773113878851
0.2934820605990457
0.4547785532043104
0.5161409551153816
0.07718114195706804
0.6045034981438597
0.6683383373685844
0.1472924478185178
0.1760684053543684
0.4516495979187525
0.053745523124358985
0.7951930203921034
0.47521759848864653
0.8361278724467379
0.9812961890377778
0.13221567187919547
0.9530074371664342
0.446141438295363
0.05333242016091433
0.044102798906405116
0.32483902358258754
0.4139779300912968
0.6834216686579879
0.5800277420357668
0.8944541763491587
0.5166988204219006
0.8712803088671162
0.5617873111705051
0.9895022137135563
0.39919554852183714
0.5844832264102066
0.2770825773965595
0.49249429334162187
0.004823094336534051
0.3347581512125365
0.741415694952632
0.7331667593601737
0.16151795487631582
0.11967164493679838
0.7289504201033925
0.66940843880228
0.19025202732448843
0.8897716793566447
0.1447547242524453
0.8512888127703202
0.4778695987672037
0.09675899754558304
0.3391639814587859
0.1363576364741207
0.18779995085295187
0.6800178715894248
0.6495734800777718
0.5042686036574708
0.6698332475835894
0.056844119362048584
0.7957895092385914
0.604913144237686
0.6740927881182815
0.29596661351384757
0.7521384072483843
0.866632756842867
0.174531926901766
0.6744657283322123
0.3728535056389306
0.08971151140386846
0.4637295270507501
0.24495057892723116
0.3568298163639002
0.45523266329871637
0.1934526170610914
0.8728643516050937
0.10365700622335505
0.7905166518084419
0.20440103679510335
0.44304471131051903
0.6349113855364907
0.7497403087845157
0.3137431422278446
0.5801746933862152
0.033007948153440214
0.29196978742010127
0.7104978595673962
0.2795164968446987
0.7844836092667717
0.4687227891799445
0.24651340887302842
0.30232913040452014
0.005403560420467968
0.06930853813159199
0.7047377939499909
0.054628208697715896
0.7736526075025336
0.1145763430117186
0.0766724225362605
0.9384541126451524
0.696193535329408
0.538336735152018
0.9873448493711207
0.8415726636783954
0.3989456073371308
0.6506020019957834
0.6688320088337043
0.5145403119526808
0.8427554594674386
0.1379257046786878
0.30231088701980235
0.07332323141646646
0.2410041751110631
0.42350317600217247
0.12380883894553618
0.7611681098926976
0.8827136731901474
0.18332874082762107
0.4202706701257326
0.40517989793552656
0.3495864592195028
0.6945870571970739
0.4302557078926411
0.7110694239385673
0.4562328356919769
0.4785897454690703
0.20752228705546438
0.6537922653390733
0.7399099609735565
0.39295083777226647
0.7059536285851303
0.7423071429962892
0.4794175658597343
0.9263272994617652
0.7007235434946257
0.8634408647933415
0.03236566913492156
0.9539340821240829
0.6732956825017947
0.7428537003254706
0.74584911560076
0.6231755527141678
0.4567962201122542
0.8003579998032047
0.8176352617362405
0.35611837455193185
0.2634940335208923
0.32234951097699316
0.2632905278009644
0.179163145412381
0.6975687100206217
0.4258694746131354
0.5792421288504265
0.7201557248995692
0.4940413959386716
0.24682318178497842
0.7825917049909055
0.249311182764549
0.018689014383010294
0.1491382682672907
0.2555679422730065
0.08270663714231119
0.013958072623389106
0.5221541390772483
0.22582514797111686
0.5157318853833256
0.6823387371426818
0.9102915613147815
0.7733656971441073
0.20876946490441184
0.9613560257045728
0.8020592766680825
0.9706840810475073
0.6085088706010238
0.7632798262575063
0.3947123321563849
0.13480063109916518
0.5556820855696686
0.027850864777292483
0.0463847684863683
0.19817396899719797
0.7036405750803126
0.6677649333814885
0.9292767288530831
0.8900501769429852
0.7520770922863821
0.8743534310880284
0.6054843578303019
0.7606288071394925
0.786327557948239
0.7948428339038531
0.8613184259421042
0.07749430228216414
0.2050720049163136
0.2927719446382818
0.15646521544767167
0.2770832864898939
0.8178858132146289
0.3595901443653787
0.4711014775546569
0.963527369758763
0.6989755129642514
0.7581560573963939
0.16708277529043147
0.4130321781189593
0.29456631661258315
0.6478005630958024
0.7185824218956158
0.1640229532766283
0.09879097586634511

Входные образцы Y:
0.26581404032403977
0.8130658711105926
0.5516082547607465
0.9365628983692226
0.22166275933327595
0.37524358796360413
0.9794825724998957
0.52179879717085
0.5979343505503119
0.5246530090514346
0.31320983302231964
0.49548925564026225
0.8459584868469847
0.34177794978979936
0.02589978846565444
0.590498413701701
0.41424294796089345
0.5881216432934511
0.6306092616896498
0.9186063840032859
0.15431186105939443
0.20240779944887288
0.49337110687804653
0.6301915087879768
0.8112272871602713
0.4780911483479948
0.33657373005402114
0.35808175583335944
0.32502101061078836
0.31661757666980983
0.6144843347136538
0.9244875855304465
0.2444587191529355
0.8463810197819148
0.47102940137931293
0.7635616665168883
0.2860038395746827
0.9990826718146024
0.1745163507955081
0.39201317391213153
0.9585441020416477
0.34320557066085533
0.7648003720941371
0.04633759203961896
0.2183884481651105
0.5885753372646875
0.1454710626254495
0.29760575557001223
0.31923810921956364
0.6964862606137344
0.006953454378622492
0.053388150268039336
0.3782800748042332
0.456628711869837
0.7759888321293315
0.8612741047179049
0.6922474441362254
0.7250628875531738
0.25278029018040593
0.839577755329243
0.5062354575685551
0.2567405479847876
0.7191591037296956
0.878205585145254
0.7632582191462114
0.21158511423052218
0.07944787628600547
0.9762933115393488
0.3439759339898193
0.9648977277047053
0.030266615880163328
0.7131024668603186
0.44371768516871646
0.810865179680632
0.34634871790949595
0.8848001480442516
0.027870676417758866
0.5122027480428382
0.11650338396158266
0.2821278097530737
0.7569015473151084
0.4194735881099996
0.16718214491007777
0.4325982798524738
0.37872103174349403
0.06038355223409664
0.970676947432887
0.8857425531632128
0.3487984033900219
0.6823583943154308
0.05079756851620165
0.281060770118599
0.3573775638564253
0.22096793906197876
0.2709467338605763
0.005715111237216242
0.518341996530653
0.5622699750443862
0.41783142873467993
0.7226345417495805
0.2057207005781877
0.7689038007327084
0.1786192040831327
0.42958428594541986
0.9115232137705856
0.1477720320440422
0.9501686624765104
0.9958860315905934
0.04253653129245272
0.6514062200283294
0.9160335640790543
0.3158573713377578
0.2739124249352658
0.1256202766259643
0.48026030101681283
0.3166718489982079
0.9338187538716897
0.34281316155036246
0.4565689685651406
0.06322407464459923
0.9061238626874573
0.5932901896939415
0.37732816838163397
0.11371645207794423
0.7070282798667707
0.8462304078061553
0.9088045474082979
0.09706801604264126
0.7167532714291445
0.1374347035648511
0.6374879689040557
0.20687759198985278
0.028841459307628825
0.8927476165105657
0.42686353005478295
0.9365567828695696
0.01731953495099703
0.3540536242131941
0.13482230923707073
0.916381322532341
0.5159184713337545
0.13900611260220597
0.7289727022026099
0.1555917264127401
0.4537425312654034
0.23615545400465743
0.7404344587779178
0.3413071242422173
0.8982228345521611
0.41390022429166096
0.5562684326681328
0.10089909545378373
0.7188873210171606
0.10469333669179637
0.2665143863407625
0.295605022177559
0.5044235758910244
0.31519300760890745
0.6538805866289151
0.4805433147147773
0.9407069104572445
0.00855594119938341
0.44244833151783247
0.6399255967986616
0.5889110789018495
0.706827893095866
0.1063254365340307
0.18614400983846335
0.8905141498591675
0.7693951177312269
0.3800029195746688
0.9975442381224545
0.2699579640138575
0.917717300276988
0.10923895391913119
0.9620778925219664
0.4059143005581891
0.09707091175800886
0.2346154433980535
0.0926608927429301
0.09855632716725049
0.6927895821904548
0.5094816902749719
0.7849466529510705
0.6729297181119762
0.45149565765923416
0.019821135077758623
0.1993565719365833
0.527462324250595
0.19707551697624737
0.695646429041056
0.06659233823295752
0.26184735774853574
0.5766582069654181
0.7818490580912584
0.4394878480936656
0.799979703440467
0.6236156417484363
0.6710000329399269
0.043941296919243866
0.06132092957962454
0.8826096329939963
0.591417673640548
0.9178005108367058
0.02801323561569502
0.20596951908808114
0.3908904973604129
0.9689579224480557
0.5052585364053295
0.10119148917682375
0.05976124272363281
0.9325437963316142
0.47892348848215116
0.6861084921544093
0.6966507159617414
0.9619896555765898
0.7370273459165401
0.8912881491372616
0.33591861667873224
0.7498663537022424
0.34071408084494303
0.5384727579803428
0.4280299170527644
0.6417842029614211
0.605506226978557
0.3193842685618178
0.7923153319146007
0.6802751757892009
0.4850826763994396
0.5009744863133984
0.5461843588745966
0.895460454309743
0.6375180433635872
0.39120853184588866
0.8556705541144309
0.44543872521903183
0.9978671142483064
0.21372774651280013
0.34925814548336087
0.4017142266221545
0.3811722291415648
0.06024535685791932
0.6902598546819684
0.07361563948673078
0.4964176449433393
0.016287007116737473
0.11258593762585789
0.7705401763891531
0.7646496445708556
0.38889520671146816
0.6905652082551055
0.8119900746543628
0.5034268704249476
0.20417488863421818
0.7355481297322117
0.41275097100904046
0.36496032924770105
0.7880653383516867
0.9903435889363599
0.794195168226314
0.39674824489936866
0.29548094162603067
0.22711037917701515
0.5025751571469486
0.7312056968705432
0.5109718380113759
0.4451450697777666
0.4513055690452126
0.7047348020816874
0.10831242120190898
0.11207833460451055
0.6466149141602427
0.1568763769739555
0.8269344082646807
0.7953119596317773
0.9045806414289347
0.7666289732953264
0.6998782563037084
0.09009902478623621
0.1224448099350417
0.5457170617238051
0.5509449280969371
0.9664903065887936
0.8282392392386615
0.027535079899691728
0.4679877138929073
0.5294400155769925
0.8001330527329154
0.26568931725921063
0.854791466785572
0.7146845347031274
0.520547545339695
0.48750546139418716
0.9657448297523727
0.6275776846788519
0.10996624463379445
0.1355639337397605
0.5355183930309599
0.07288710202155546
0.17150122232228915
0.07427174071389853
0.23021978564574153
0.32062580373545135
0.6696590482177626
0.9386737661329739
0.16700444639664935
0.3063139242645221
0.5653828856564603
0.9591522849227043
0.6758787292274452
0.2736357104110666
0.4343299732374424
0.10835873675801633
0.8104395391577355
0.3332770423922258
0.7064764655230038
0.08566714675228071
0.8535530152810575
0.5337993568342556
0.4825245682637769
0.47963360144336686
0.20948186504414845
0.8187258371991862
0.10621949084642102
0.4303918953700435
0.6257294317342176
0.678586375499537
0.8015670377924017
0.25161051539289536
0.6458762841433083
0.3974878146841109
0.7200745711993378
0.7655814206588183
0.5589422176644503
0.5408464862597966
0.6855220093776657
0.5552068888593381
0.8813156126029822
0.7342404367020124
0.7724014602814119
0.9430949182256075
0.584048637909819
0.8429085866685613
0.6090472105111727
0.27067042715860057
0.8613255852331171
0.3772451771075892
0.9576108201801122
0.9691535045006923
0.22516885444350232
0.3217074544240637
0.6904184892392612
0.9894521058941953
0.1069551270980651
0.6128749426206916
0.7558808987530184
0.38946157228689193
0.9480719559837788
0.17696975435152462
0.10700861623912705
0.2649586406491171
0.9700531119799074
0.7779662695908862
0.8517186193186309
0.7542231498557039
0.42878856562354695
0.9244903457308002
0.07650083296142907
0.5467155819940729
0.17791262540610409
0.7370274582436817
0.893645900114569
0.1825844857088541
0.793232208325828
0.9865299640076339
0.2671184718003742
0.44247230449672736
0.34306429010178674
0.48133391402439774
0.08329302308511521
0.2960343083664979
0.12860991022344537
0.6013660252042992
0.7501521269891827
0.20278013233958936
0.36399970881282284
0.05694199918327125
0.3321797427971087
0.04029266292563494
0.817403727281587
0.8840273066929074
0.8580651731907067
0.5725748776817804
0.8926063364908114
0.2786524332497836
0.9744657240781521
0.16521985570636366
0.49470436816544194
0.1202440663826515
0.5614593861525874
0.4042950120205687
0.2940951273587803
0.9369549255194137
0.27395143876038675
0.3822766993021832
0.6796780202757501
0.6256446445569043
0.22818151455078528
0.6770667243361697
0.7752018739679729
0.45498462371538284
0.21361092385928715
0.46906729877932596
0.3819476853554855
0.752230028455055
0.877852371126356
0.8164871086274358
0.606443993546429
0.20252245682936842
0.3059373602073754
0.8404953701756499
0.23367060301709253
0.8741573716809375
0.295099314591047
0.4595368612818087
0.6142135371887152
0.9240698892485295
0.412382955828693
0.356065995145749
0.9480922713813713
0.4348639857856388
0.6147738468687801
0.059153365808707115
0.36848796112067217
0.9880296202804334
0.8101743240419301
0.38286322920810534
0.1553592168721344
0.3875627290513144
0.2424351300933707
0.9729960445686212
0.741939890073951
0.41402376691277054
0.994784654313533
0.38373553449616393
0.9163710149071551
0.6111403619778645
0.22338096166503163
0.9309344750474801
0.7662268830129831
0.8853801623991957
0.9563437689911436
0.5502197301406395
0.46545318453830387
0.1334900403682555
0.42350736196330385
0.025791142857979565
0.9612427367229612
0.20381862888314528
0.9182674011915942
0.2497352747227407
0.9826322708946784
0.24430888221499214
0.13527791813818701
0.6218697686016937
0.5631115535683124
0.8933680131131642
0.7763871967557444
0.30657943236459095
0.44629400087414695
0.8293924572863577
0.972084478161369
0.8258005368812725
0.3267054756308905
0.9105456273947535
0.7268620826403873
0.38625530825988563
0.8670061612132356
0.5084568450422845
0.16427989897507245
0.41423344026803266
0.8284678852320739
0.6678298773816915
0.8211529591449293
0.0026634318709339855
0.45328724084297056
0.408519878810475
0.6201646589872538
0.36291107396482325
0.44532280268464386
0.8274579200175157
0.4363414850029387
0.9176884787143541
0.5101020619775151
0.6548727210415324
0.36520818031170454
0.3716519673096035
0.4354521248164356
0.5725790065702491
0.8990742645357586

Выходные образцы (эталон) F:
0.7466828879882748
0.7059224116185338
0.7446719681022685
0.7109165255616559
0.7014590149225531
0.7390393538283728
0.7153269532225206
0.7368192739619389
0.7235976004810876
0.7447731176983121
0.7271553422542221
0.741636105793413
0.7253086272295278
0.7405983298975785
0.7015248857256391
0.7194470263030218
0.7061043880192917
0.7226862017114044
0.7149321950424073
0.7240036639384527
0.7480618590318813
0.7280727571212028
0.7357400583434303
0.7056324528523842
0.7202311752076103
0.7061836586254644
0.7203015501391019
0.7028983092522357
0.7487841092715498
0.727466063369462
0.7332781818002576
0.7334340020958194
0.7217122744965568
0.718039018936923
0.7353783491624982
0.7208296394138651
0.7357568497851615
0.7263413059724881
0.721317481380658
0.7043722329864524
0.7387799300216427
0.7427292996183944
0.708532765711743
0.7487270384344907
0.7359722021172481
0.7048572491499726
0.7400730168203156
0.7043603862791457
0.7101324311423093
0.7484585455309781
0.7311281764880373
0.7476179681399063
0.7237513486784607
0.7198389364849755
0.715863177601974
0.7278930750174473
0.7417858290326403
0.7159912405691992
0.7035772973439934
0.744245997128099
0.7038188175333671
0.7197460297691824
0.7327228550183442
0.7481688622602862
0.7057663000806406
0.7257838869729389
0.7219860390160261
0.7179293821102762
0.7354146693325928
0.7116521842691159
0.7204578494988363
0.7160725388577407
0.7128501627974093
0.7261530163757248
0.7439045907470525
0.7452109721868576
0.7452766180072397
0.7375987649627237
0.7452850244192908
0.7201928412520463
0.7208086113421551
0.7444679189761443
0.7009552788876325
0.7341002031416785
0.7245741206768324
0.7179361653990441
0.7004527491931647
0.7193014290496567
0.7368641661580438
0.7476063759413772
0.7193567280319801
0.7089579877185033
0.7411264585316091
0.7215160209526266
0.7054861571014056
0.7409688736579575
0.7333158964280235
0.7421616693820273
0.7296138531579768
0.7083252634869188
0.700486847426114
0.7158475923634665
0.7419517588340797
0.7372434634943873
0.7305404268932071
0.7371391655945174
0.7188932136133237
0.7422459856427038
0.7327246105321809
0.7245816051277991
0.7118859207724546
0.7215685847282114
0.7298257804572503
0.7431307294817013
0.7358532628931415
0.7288853537306287
0.7419874368200505
0.71493481880512
0.7452817690639184
0.7453644812373124
0.729745064373285
0.70020526986382
0.7009490305273293
0.7344940388253115
0.706175764652201
0.7259186231242064
0.7132790245025726
0.725950151645007
0.7290270554527092
0.7290036973205536
0.7244807521341492
0.7260192019834746
0.7293113168141828
0.7314849163345098
0.708951318680606
0.7377311816430756
0.729130694647943
0.7397765610541579
0.735905993085309
0.7239130927730145
0.7434318186003911
0.7249525754634367
0.7418355084708745
0.7248292968468993
0.7129805373214907
0.7003526577318688
0.7391847931564396
0.7359399818193059
0.7000939314854003
0.7393277794020644
0.7465975287185209
0.7125793880239266
0.7355701801406923
0.7202768937657812
0.7181773626400257
0.7470322457455058
0.7318164394749685
0.7263814758608114
0.7444793137099609
0.7455698322746018
0.7353907039740156
0.7086056790201664
0.747363853278823
0.7094963537012604
0.7270456991277117
0.719597268815979
0.7144213130590095
0.7231518499593893
0.716891157013977
0.7470981271981036
0.748405758957075
0.735119555237579
0.734475416262122
0.7383530098220373
0.7230051373244958
0.707593714744691
0.7414281120263653
0.7357913595163906
0.7173184413965223
0.7229780417222194
0.7338027490224998
0.7359493767470643
0.7476108688562564
0.7243055693390382
0.7154113383793883
0.722198174873017
0.7402743500325801
0.7269973711962316
0.723252788270885
0.710348717099874
0.7174335596759538
0.7028106478638235
0.7116025961016889
0.7406153893225023
0.7163064367938488
0.7335659292310829
0.7144534416292827
0.716737434760227
0.7212534544451588
0.7293886687473863
0.7097746127021641
0.7152810952856363
0.746431317071492
0.7367522116711474
0.7274927505996421
0.7292752122488728
0.706104465073164
0.7165672045628956
0.7131872496354567
0.748369156086667
0.7109616969508069
0.7369267036463756
0.7442406711017452
0.7036443382218558
0.7182354383026726
0.7138867770004683
0.7395879078286205
0.7050591968317503
0.7050276052137696
0.7418391571684587
0.737267353062798
0.7142624290401306
0.7410087322385537
0.7446154910606163
0.7366931875496334
0.7151703710789423
0.7315759527404345
0.7144520135842601
0.7079399468433332
0.7092718173846232
0.7156306420625751
0.7313389599451634
0.7293588494777103
0.7440971960753692
0.7093679581830487
0.7180807888982039
0.7285299673871951
0.7126689029741162
0.7058582138992465
0.7426013307168666
0.7338950904306963
0.7300357334563089
0.7387439738581877
0.737642172983412
0.7014132544674918
0.7471867292291355
0.7390769531233861
0.7270231676800566
0.7222341897364559
0.7387383895628201
0.7471752277308378
0.7460606471853773
0.736694543487755
0.7437940820344514
0.7013939934554299
0.7265719885853151
0.7349075254654769
0.7462856257805519
0.7068720289436289
0.7151343870363394
0.7098387045593502
0.7159243835703311
0.7256412232779782
0.7109112306898228
0.7150390256385675
0.7016128607230193
0.7179679670032033
0.7234112301238892
0.7091406478858484
0.7047976660477261
0.710432925662479
0.706003425347859
0.7258120561824142
0.7487808353128197
0.7040496173944755
0.7378755105144278
0.7141159579214204
0.7004489023333929
0.7076724515394853
0.726393370210681
0.7071167950485041
0.7172277280602525
0.704051311115647
0.7364965116639625
0.7001442722228088
0.7063259823159935
0.743152457310976
0.7188470729642426
0.7033351252998492
0.7444913116721311
0.7477844827301267
0.7239393439628826
0.710947430589018
0.7355706072531554
0.7051432442270168
0.7372722502078006
0.7424700545969951
0.7431394094490524
0.7356211285076498
0.7439890094344789
0.746734440709785
0.7353453898553
0.7031137253490766
0.7480961608780511
0.7350767285702011
0.7478969561118153
0.7061009144411592
0.7104884527973536
0.7200952833614238
0.7418204400128688
0.7429795555968847
0.702526558917073
0.7247020349220036
0.7122079299120574
0.7114814587752517
0.7238413617765652
0.743975582561637
0.7476827147957956
0.7335229459551221
0.7403715486045881
0.7067898573502418
0.7367204376678608
0.7095013211661049
0.7393805184292049
0.7053141918329223
0.7072814159175556
0.7238787137653635
0.7163441159353835
0.7152589859928769
0.7154332513412197
0.7448752344261205
0.7201524559724426
0.7361756967957604
0.7247727180386647
0.7452310737510319
0.7020271169068523
0.712210735818038
0.7004920438458239
0.7262910981954523
0.7039192312765459
0.7274598994792681
0.7478771027051543
0.7201157249864918
0.747924520557759
0.7104732946288395
0.7018736435115254
0.7339282818110889
0.716428072987085
0.7175202893165232
0.7191125904238528
0.7189717497754706
0.7012746646232414
0.7379398283763059
0.7084465603701174
0.7467667582712051
0.7202496982801404
0.7172735446726182
0.727617137273199
0.7288378595706221
0.7405513227423892
0.705907389180047
0.7001460770380649
0.7002065972162977
0.7027360724527868
0.7016320987138449
0.716923488916495
0.7283375268993633
0.7028283553214744
0.7458736351310203
0.7272521862020158
0.7187673596342905
0.7248983959558633
0.7253417817042437
0.737299770463913
0.7483475190786402
0.7024337280209533
0.7294984215140803
0.7040086517843579
0.7438869145444739
0.7162561043887377
0.7415566016489581
0.7345190900819463
0.7079943810805595
0.7005686849375341
0.7366872655881627
0.7030714754295704
0.7000892119706634
0.7439576481742306
0.7427326669738258
0.7411714424632682
0.709873385887089
0.7158178374494875
0.7210037361649995
0.7365250567060699
0.7380405488869712
0.732723853861936
0.7286732945416454
0.7318811875001388
0.7266344949497457
0.7317259853678469
0.7208677931241539
0.7364543129659251
0.7132638533196127
0.7314146334130258
0.7048073413770022
0.7390433913695579
0.7303298511083356
0.741867409822049
0.7232471094862707
0.7253110600348849
0.7175305185421237
0.7272698196846784
0.7300327650668553
0.7109423108494831
0.7111673359973905
0.7480834570782097
0.71979839643631
0.7375629185798591
0.719199323134685
0.7361249291496674
0.702707485161066
0.7333652923759353
0.7305647299927395
0.7358141662264889
0.723665784728135
0.7033630323580828
0.7130219560671841
0.7331526129105659
0.7126195341115378
0.7290753845491565
0.7246489997903677
0.7116997369357966
0.723393270814629
0.7132288876553556
0.7341847041163396
0.7359305849965143
0.7410185587567183
0.7217559264716809
0.7175952483842959
0.7048776175931778
0.7096582756585365
0.7229684971176462
0.7406057919353196
0.7268868068908488
0.708040689731329
0.7052904095312471
0.7444498507102413
0.7436509877563434
0.7267833351554814
0.730342255172299
0.7227579543559662
0.7024227220235604
0.7031088175382879
0.7394908826780623
0.7263323210392229
0.7334544258239588
0.7172329609973926
0.7031987161955419
0.7265357257658803
0.7072652954467797
0.7071402952182418
0.7296381845712852
0.7001604306418554
0.7132925318362956
0.7235527051458504
0.727072602257455
0.7319370148230465
0.72484867177642
0.744644117671103
0.7314472912632383
0.739293106109119
0.7060772995965632
0.7014574503150538
0.7254833065693159
0.7345784752708225
0.7477762004118345
0.7010395833269492
0.7243210507486313
0.7467356578820169
0.7135400062001337
0.7290259621894737
0.7354221808454794
0.7033142035128928
0.7276636414817024
0.7187784966174853
0.7190055890314399
0.7068018398045564
0.7326434135270563
0.7432087414742612
0.7237668840221393
0.7364773098537768
0.7039143018930779
0.7461029231517592
0.7060106732747812
0.7193773027603655
0.7316700516104649
0.7111061921543201
0.7066110787197397
0.7225138805565895
0.7372269116461083

Новые веса на входном слое:
-0.5207347534879408   0.7417687199983153   1.1236708745305064   0.6221775289291118   0.6543089252087937   
0.9600652008730859   0.9854108122723796   0.3014581828158689   0.8445870962937103   0.9915684354268629   
0.34417431994777703   -0.17377026422955505   0.7642982331411754   0.28503750499250435   -0.4330672568816275   

Новые веса на скрытом слое:
0.0946478718953615   
-1.0000142996495733   
0.515441251186202   
0.44853681722365446   
0.3748198996464824   
0.538044441286102   

Полученный образцы:
0.7311015886323389
0.7198890690291337
0.7220261949653799
0.7205318299506984
0.7305846474585035
0.7276247718715324
0.7200217346180774
0.7227670996563877
0.7256523526763261
0.7266296252433035
0.7281059124663665
0.7229883185606253
0.7221386371288282
0.7238158205560512
0.734217807865963
0.7262566009367002
0.7236273200339121
0.718586840790735
0.7246046003804202
0.7186316361463605
0.7327917888605415
0.7267871404944859
0.723464467773266
0.7181694233834618
0.7197609115510692
0.7243626035710844
0.7292086727158303
0.7274569942662831
0.7232852790431519
0.7297217236722344
0.7227569638707658
0.7206799353646289
0.7305901984635387
0.7223457654556333
0.7268718354197932
0.7165285039439208
0.7301342547521473
0.7200155373297384
0.7322318152189073
0.7230820000219176
0.7203835648258333
0.7296701806527527
0.7220354856979453
0.7286428002783604
0.7318270876707602
0.7211798353081038
0.7327220918451093
0.7273359461526121
0.7239916107253257
0.7250090793242906
0.7342237957918252
0.7305396880524715
0.7283516368697427
0.7277275357372053
0.7203537627467241
0.7141220011465235
0.7202413779917225
0.7212269604056339
0.7265690068229407
0.7156659884642671
0.7233341230052649
0.7313868786683383
0.724371374800613
0.7218369950305076
0.7212000662210386
0.724695000756657
0.7337673252483904
0.7168894098326312
0.7251028863312411
0.7198223746518504
0.7342278784397354
0.7242054025073416
0.7217838864737403
0.7228158183532496
0.7279577775249142
0.7193412169626182
0.7322467963124827
0.7249240385219856
0.729667994017023
0.7260709470721487
0.7166792458435718
0.7289700123044178
0.7300875170219017
0.7290075809183958
0.7297496333371697
0.7340032655911587
0.7112655022300113
0.721832736443424
0.7299278176495239
0.7220181606571457
0.7337865651175363
0.7311277607037077
0.7245003500671755
0.731910187778559
0.7309087562677989
0.7275192084165407
0.7207228772199303
0.723822139063739
0.7287895163143393
0.7242267382012407
0.7321452358865613
0.7239548788123227
0.7290926200480685
0.7283159785735579
0.7199210000938288
0.7328845757437584
0.7191314850062978
0.7179855365970259
0.7306118574937801
0.7239569533245716
0.7212205244203289
0.7252400276949893
0.7291445389555626
0.7331555798021265
0.7239378567957184
0.7296295343648546
0.7194095734115478
0.726985151281024
0.7281417618110012
0.7339349007689436
0.7210714233425118
0.7236960087909282
0.7297341176943446
0.7327006755222942
0.724823099062537
0.7217145914330741
0.7174213213048743
0.7327281065534187
0.7246417190392099
0.7301600258165305
0.722098338613936
0.7303424378811874
0.7313731895058284
0.7214633429013617
0.7236748206354318
0.7170965408406523
0.7341441170947073
0.7300538539247449
0.7298161226733921
0.7168255298841162
0.7234456917396087
0.7327500560831937
0.7199570450681342
0.7294001078278189
0.7287021737484113
0.728947945327665
0.7225454139295364
0.7258166497131545
0.714600165958389
0.7277970010543688
0.7219859991125407
0.7269835428594471
0.7246186705976915
0.73328503014686
0.7291422054836363
0.7308168587453137
0.7237543583594181
0.7306419322371235
0.7209846467320676
0.7231667325847605
0.7187908817562492
0.7346287930661437
0.7285234546824595
0.7220747270345739
0.7266622209459623
0.722855830740418
0.7272619087716276
0.7308388278102244
0.7210588815003272
0.7211337846907209
0.7296549570160519
0.7202056877168892
0.7311384474822917
0.7205972788168061
0.7268546161638663
0.7199755845400834
0.7250221379304631
0.7334918444102206
0.7251777366758151
0.7335949023231183
0.7314943568297169
0.7187791176042803
0.7276567307403217
0.7226248742362286
0.7191560921706359
0.7237205426225619
0.7283323666675703
0.727251824091075
0.7262769832898861
0.729451680448948
0.7251187952234657
0.7335986677429507
0.7286057549632071
0.7254716608916545
0.7149450940647658
0.7288401367290563
0.7209052843629942
0.7221876943285421
0.7208293602800885
0.7341995254952257
0.7334199295487097
0.7179346435639499
0.7191692642946697
0.7159986115768538
0.7315386451694597
0.7321442117443204
0.7244001286242195
0.715570317353634
0.7226959239536122
0.7302486104663107
0.7311040534237885
0.7157459574455997
0.7245505553817626
0.7193464774646791
0.7235599241825942
0.7149655655842689
0.7202207406177424
0.7166081365961811
0.72975493341912
0.7242200593918693
0.7302973570136019
0.727164412684769
0.726759006943494
0.7255605513577599
0.7255892175772551
0.7305317591677252
0.7196703105682962
0.7235935832019562
0.7252805254243188
0.7280148706579538
0.7223434566364948
0.7219084485411095
0.7256844874037249
0.7292356916405373
0.7158151236973128
0.7260399052883572
0.711673414007507
0.7250723945621441
0.7257806790355135
0.7245943326778294
0.7277079640975523
0.7337095266401051
0.7236911183861434
0.7324678999618665
0.7263704423826225
0.734149695762194
0.7283920969840163
0.7220622178925216
0.7231835873675518
0.7296162526151332
0.719137048114678
0.722989498739273
0.72516763255445
0.7273073754412727
0.7204183345313196
0.7258810487713001
0.7299735892978634
0.7180831751963546
0.7171917911783705
0.7218375738079222
0.7275048943919473
0.7284396579266292
0.731153480660514
0.7275569471214937
0.7245165885178195
0.7264919716968142
0.7287793227554428
0.7279379372978171
0.721848409004456
0.7333442954784486
0.7285079518756548
0.7198393082063104
0.7325556763805796
0.7197871103711861
0.722754679136034
0.7197646790922764
0.7164269985288414
0.7246428875812776
0.7336317456178977
0.7314991806755389
0.7261205479348961
0.7258547033045608
0.7201327904282088
0.7167006603171298
0.7313582798318374
0.7283549537899731
0.7275699497377921
0.7209541003605409
0.7305819457388792
0.7188320540660568
0.7190574745578899
0.727725067035855
0.7280738241375945
0.7152324252415478
0.7200754751006988
0.7262107146661135
0.7303755855312825
0.7256966860433894
0.7331578573930438
0.7266631642038861
0.7335457029774034
0.7316365126101915
0.7255895768563558
0.7200140493069949
0.7181648559528448
0.7262996725286347
0.7307792000175231
0.7253521305524219
0.7204139577021799
0.7254213405185947
0.7260799228915858
0.7289478430115491
0.7322178699856535
0.7152816907770236
0.7236102915223179
0.721315820091474
0.7322726666030369
0.7215944957098748
0.7266134801399042
0.7282920158210752
0.7271092207515489
0.7320573656400736
0.7214508156884111
0.7330352830806423
0.7269652096879855
0.7250814434225255
0.7212527267351613
0.7212181367537616
0.7241117763107624
0.7225530998901041
0.7293924970889839
0.7241994693792168
0.71796433299249
0.7211435199596307
0.7271508441052829
0.7245122230408678
0.7223092788151089
0.7219651551306265
0.7183073163111564
0.7236999123953259
0.71833109184686
0.7203111480505393
0.7188557813374729
0.7205136040153707
0.7269855258005853
0.7214326678661976
0.7294328912091168
0.718286571080703
0.7193475833294045
0.7255060455607083
0.730563964108407
0.7240758432770196
0.7189860337767274
0.7308060997609633
0.7260594379216336
0.724011493286925
0.7249032403634982
0.7197789480476776
0.7306264021407557
0.7277997737517707
0.7301052844722448
0.7150609312218333
0.7203248610760575
0.7199173501671762
0.7186664540916431
0.7290685256527982
0.7138477462452284
0.7338001918397469
0.7226650322766547
0.7312205270697606
0.7234259343430819
0.7212090883967968
0.7299322840421366
0.7220578943776665
0.7113232938149869
0.7284215331793056
0.728636565259182
0.7270867588853523
0.7282119545200453
0.7327211656548346
0.7274088637763019
0.7305760681482557
0.7183402441873546
0.7167413031726294
0.7320984715156332
0.7233153013418689
0.7340451089748904
0.7248746694767897
0.7284741278674921
0.7231472801445014
0.7211059384008848
0.7205243775163342
0.7269544245971111
0.721614007103358
0.7293636104383329
0.7191172743586542
0.7325310194427506
0.7268451240416012
0.7332189165795435
0.7213950444747429
0.7263704732505281
0.7247582099627923
0.7156930884654934
0.7296502549129018
0.7242219769413868
0.7249853886379892
0.7261272303833524
0.7275644895620859
0.7228798333275379
0.7208968113426641
0.7260595667565721
0.7319300848099781
0.7266077011789019
0.7295542111250575
0.7218254296208826
0.7196268248677289
0.7176540375900532
0.7257850274873603
0.7321547687384298
0.7288904609906203
0.7219533496831775
0.7317345169928547
0.7197065427715482
0.730866565384132
0.7283439082689153
0.7262813732024147
0.7126118819118554
0.7292500519207313
0.729832764239728
0.7201756075569485
0.7288413099803039
0.7254904131375455
0.7329602078991926
0.7299026901574679
0.7198108792278223
0.7196936288209955
0.7262460604417634
0.7304198454572752
0.7261669161608365
0.7272878757307475
0.7194495324284933
0.7217322148530506
0.7285473648870943
0.7191723974111448
0.7284986908931094
0.716196992888195
0.7261729716470968
0.7285531307823967
0.7122196369236712
0.7177587259628535
0.7169476105250017
0.7128320282914343
0.7194152186565897
0.7273789787311156
0.7295500043201405
0.7280149529262541
0.7343627016841325
0.720651202426469
0.7321653764082467
0.7156189920602432
0.7313832726301871
0.7198367376613357
0.731429024842822
0.7327516143530453
0.7259460812633795
0.7246705379871535
0.7149971149695596
0.7221937560326253
0.7237212610788977
0.7218116468588477
0.7172616384279226
0.7195037233225453
0.7220133189060914
0.7304434728475585
0.7214643975112418
0.7241565819722068
0.7296728747035056
0.7208568594945279
0.7277458365660473
0.7326896476162241
0.7292319280081295
0.7227831988190374
0.7184455912589784
0.7175260730063435
0.7321740427247073
0.7235647788477401
0.7259966202510711
0.7261096648337546
0.7276699069308205
0.7273380298965888
0.7230264757120528
0.7286968198930592
0.7208126576312425
0.7227543407285435
0.7232142558607269
0.726913994471666
0.7295110276540036
0.7287663591053146
0.7216056897267574
0.7142883219583168

Ошибка сети: 2.2311592982025803E-4
Количество итераций: 2222