Количество входных данных: 500
Входные образцы Х:
0.1019766900494633
0.8412472620106474
0.06383364532431113
0.7926928229448124
0.5375284522428005
0.5149263079981551
0.8316943717423777
0.9326469484389682
0.5335326922697098
0.09044495212963688
0.7289495222015614
0.1280292070759559
0.5917474858027127
0.25543043598180337
0.12600364936770747
0.9380635182217528
0.9023023954109965
0.17431226415756484
0.5847492559391693
0.17284862310869553
0.46905025338132367
0.9884128392254867
0.5379103317756273
0.7815813132174332
0.1622156881018778
0.5615797735653579
0.3366769838692787
0.23603153998875936
0.6167056111763622
0.9153601242036351
0.9272813397410109
0.0432105434178055
0.4305802602630291
0.5916618564994102
0.2814237262139073
0.26824451398291793
0.5605657092185921
0.13104351373170808
0.9759648500133848
0.8517856457185395
0.16012166649908066
0.9612185624808092
0.9940583873832862
0.06586338393890312
0.36046173591699704
0.25305530412022637
0.9029058529430056
0.6678985965529515
0.6560550097129215
0.7202998391951102
0.05257318954556167
0.18467427003390302
0.6235219704869853
0.9144436649925654
0.3358169161861846
0.28637555711723306
0.676469591392569
0.29760365186615234
0.35062492310217874
0.39538383002948796
0.4386934468708673
0.2639769535936205
0.5151852280624395
0.51532824746299
0.10430798305411737
0.324379081496708
0.799253372626234
0.7629696645319811
0.8457484023747026
0.8685683466127181
0.2563975343031456
0.2388113898535843
0.929220366101957
0.2765055793910105
0.468357803709217
0.6819023327267068
0.7020571350057376
0.6623926840541989
0.34576382569742925
0.8201171929770422
0.027575780854295462
0.20427994652969028
0.46871332375884456
0.44927030966938886
0.060407809435178206
0.8372262015191784
0.29622127861626824
0.05273838877537518
0.4789112437538805
0.06944195444184353
0.12530771162076493
0.207838951722359
0.421155215550129
0.8185408591673959
0.6384996113943444
0.11603094994526664
0.40710012764279435
0.4589699153744423
0.24278052161625363
0.34107468946013686
0.4719792355862821
0.721884234295299
0.17352908287913282
0.24260787321010502
0.584521144100833
0.6951777368019996
0.5137454219471285
0.6521660585244278
0.17853436070351214
0.9340762313138613
0.8618725121936096
0.05449488074683018
0.287508883142083
0.6116443433936052
0.3707770291676229
0.909072348168844
0.3392718251092466
0.7137540901523378
0.2759623299552242
0.77507996875996
0.14136751003952952
0.5145068152157303
0.8328436978633428
0.5876313364123631
0.9677149907866118
0.9557966861011381
0.7909242113608742
0.7738873352112972
0.9432285373194069
0.0986486989826223
0.14696708765279165
0.8947575099400201
0.11546999051647755
0.5141594754601501
0.9397682194241407
0.15120741453200726
0.7010342195410604
0.33831456546120664
0.27589040623584604
0.4037617533821075
0.9992521057882089
0.7276514152818209
0.6087290311262625
0.3196141399214354
0.3769276751685453
0.6216819345661888
0.5325358153285372
0.8838238241539931
0.5452098351341851
0.04318484649687937
0.9985362418223358
0.7894005873646458
0.07333085846663856
0.6489220808365304
0.9120329205602633
0.15564906687440805
0.7138273306485684
0.8810300635927784
0.5273961194985397
0.6149643529410519
0.6499919402129046
0.8632809525876993
0.9220992270535601
0.055340363169349316
0.2186868527515783
0.13660523975777494
0.10146607989335543
0.20917391441366673
0.010283108399782193
0.4347111884396482
0.9625537739573978
0.838516539911449
0.5023722264335605
0.9633334232101465
0.42860299330826046
0.4827471722091504
0.5450300720468524
0.06558671038407815
0.5547455374592883
0.6067089246059528
0.08279479257791178
0.7310976089015876
0.3011666909784124
0.5156734431299258
0.47215458477105743
0.1380311378612633
0.9716774653698826
0.5880666525749682
0.6332227854430855
0.30482520643351396
0.02366007240144774
0.21771016896376372
0.06041126378445205
0.9723911220303854
0.0696076210466332
0.3544025711133175
0.4092958161672565
0.03773315424447943
0.4109865630967183
0.6849856356838521
0.975499775098095
0.21638615017745488
0.3719086648286516
0.30661044212520705
0.8863052220125128
0.12376502325917049
0.03310680848083347
0.20973874933791214
0.23683383196501806
0.6344655692674822
0.7059668005720475
0.01048534056910655
0.7200219835638973
0.20375105458338416
0.631875330980086
0.15022749959550274
0.5232482189019111
0.8169046244541336
0.9439016017223928
0.21497777885670055
0.3943530664577144
0.3698227948104166
0.8858387454929858
0.11783685157827162
0.8159249530463315
0.5781704478180513
0.6478878668653415
0.6349133576757576
0.16910786750268036
0.9626133107761714
0.9487765806984496
0.18841791300913258
0.6168200559594024
0.06408921945236679
0.6708606882240482
0.8302090470774823
0.19115542060266089
0.805774252447646
0.43776602565138356
0.0948889608429343
0.2308718911686095
0.8373460396636139
0.013385263024028315
0.7636170861849142
0.882254437225342
0.7723410661570662
0.7965519397338517
0.6081302414698251
0.8502727268251796
0.46084839913044406
0.487472325720296
0.86902814925532
0.966836486648291
0.827477723723879
0.2100030952262817
0.5632032553137496
0.4290842776049748
0.3484847187331259
0.9881207086556831
0.7123647739037251
0.753024353473852
0.9421319344007452
0.49543637054650747
0.23792611954231624
0.5864789373814464
0.9028092109746807
0.4233681848166576
0.5770964384502087
0.5301663619320705
0.5221323020432903
0.6465896175519433
0.04083609969008162
0.026887687767584323
0.2091841994305076
0.6036318692875433
0.5564073214510126
0.19616819037302957
0.24725869991355898
0.9560248240951407
0.715570583536525
0.21533592466882734
0.8059112152025766
0.6411194597293322
0.9840483464429243
0.47790313683114705
0.46481697533964295
0.8917426901087911
0.5186977743052744
0.2962486275281243
0.29988220798071974
0.6600924360217987
0.2859043139929871
0.3579823218099134
0.5322492789931723
0.15378990313430463
0.07802836907527622
0.4940058973382756
0.8472818256086483
0.868762611153815
0.5843078805451895
0.5711660946434228
0.7533113470739737
0.5866402688229261
0.8884394026129221
0.48353044456493643
0.7688723903298695
0.29360328016044634
0.6371311936067671
0.2836976303942782
0.8023478747013956
0.8731311089833904
0.6522415448675685
0.46918776248276894
0.8193926224686804
0.726856113322567
0.9436866074896434
0.3188403040191887
0.7811973460545052
0.18573592624288682
0.9211212037028136
0.9602808278384449
0.8806013597417989
0.6880150925816407
0.0994678777455088
0.5418998064100974
0.3032574223077559
0.22095503846797526
0.746688356027519
0.48142013139821194
0.09749737510987577
0.4500687789464355
0.7317627593211646
0.2680124474811275
0.24924233486071556
0.2926047573291328
0.29666191338435965
0.7060504109071473
0.7272471001579929
0.43128208318444716
0.5981685332325017
0.8059807524702154
0.08916327314974448
0.4097870451235699
0.6437232247849187
0.7514155521194833
0.2203507534173611
0.5032989393335124
0.6800416326529011
0.5014377593728161
0.9150633412000856
0.5153205148126389
0.18406951539853467
0.6232425312382331
0.30357862846326045
0.016346926666512496
0.3529125579382958
0.8926211460282919
0.5790380796568353
0.31041401448447814
0.3926981842588815
0.04842596128104393
0.08420871920426976
0.5923252321940692
0.9658973036387503
0.8420384085118534
0.5810727474736472
0.34136419018943776
0.8724532604065888
0.18399439138198992
0.44509677409615556
0.9865571558003284
0.4121368520972437
0.7573045099253082
0.6012280529016314
0.27405838011763795
0.9038654398207828
0.9406394223573344
0.2501100535530154
0.5689884234368602
0.5222954276942889
0.26443302007380975
0.8207049542625978
0.532063600766856
0.9528167417875348
0.9090893910419978
0.12945633677446033
0.22561254772267347
0.3631493867140432
0.9468622619794104
0.426320346808976
0.7240835815671213
0.8430611698051955
0.1276081279312189
0.864438967973695
0.7309045237271193
0.7732974443411198
0.01349741866338372
0.9429245169248781
0.536564392543376
0.5506325125321468
0.17890078650330543
0.6411695254781818
0.8920439726238079
0.718023942400405
0.00905016830218619
0.2882917701887081
0.017230524625035493
0.8271706773275338
0.3547075393306037
0.6927692538650354
0.015709222157988867
0.2953460307124419
0.9299567490349593
0.6950154647290707
0.4253321981518021
0.10919768443992572
0.8763664911540724
0.09959047752438643
0.4982233397579753
0.4752762049063646
0.35915601407685893
0.8939386701298668
0.0743854537107621
0.42037464733924335
0.4096270287116829
0.7669893667808566
0.5898335103755108
0.9043316323564908
0.48300863918643755
0.20365178017387875
0.8431861361302483
0.22377094920328855
0.3619951437605483
0.8501811334053551
0.6339049164466913
0.35732094167475303
0.1036385439524633
0.42058815811969996
0.2808790351928533
0.43117684419666624
0.7008914498941021
0.1457090639002403
0.3318105195089235
0.6684404513174599
0.009977964619885205
0.6542492694611817
0.4818634652564294
0.026490805312142318
0.280903571155259
0.21905845993947637
0.8342977742056596
0.22371054999147255
0.32079753049297133
0.5020904926229618
0.15631658459836395
0.01021281015932507
0.918414152038104
0.28794705080902117
0.7101137114672942
0.34678358602009685
0.6630023271499117
0.208598652759315
0.5721155355062897
0.622074908822457
0.7018853100622714
0.1308227013599148
0.09266957806215426
0.16015486497286657
0.2984753357598182
0.7030928639906594
0.2939398027880663
0.048840093808847795
0.2760812946026219
0.54010001757221
0.5555262532391334
0.7538074049143637
0.562749418000926
0.6607797326955429
0.8953350132852254
0.07430098757309234
0.0885104339286994
0.08966700851833909
0.5174816520076403
0.7433222348407644
0.22878943703660537
0.9815941868174753
0.06951943250168124
0.3785094644961504
0.8363672773198088
0.23619289273399646
0.22804161144789536
0.5494852060342227
0.659165095452122
0.33135711046430105
0.8147142989755158
0.4432685812434001
0.602256781619996
0.023768468555455224
0.6340551194199592
0.9814216474183646

Входные образцы Y:
0.8598964605883643
0.6397813691344454
0.6197794536713149
0.2709176269069392
0.4169813820435475
0.9114102928935877
0.6782954640209107
0.9552900954153245
0.7992529593411527
0.6998569056588261
0.8259352485586712
0.3734423895625629
0.2376721781971004
0.4929599464424754
0.8307684835335265
0.430566407035856
0.6047872689699648
0.2631467380619259
0.5903523183142021
0.73894092165547
0.5795458425387812
0.12890932431907798
0.9035289066200108
0.8959492706361117
0.5018852361619802
0.27552478529997604
0.1273900875539885
0.7324767592840943
0.28956810226085594
0.7596837293207425
0.44978646169302794
0.9869188179533936
0.6071133775551496
0.14788673368155725
0.15326560498436426
0.13835052599662678
0.2003051410459863
0.41991352053250974
0.29808267816236134
0.06697916558995654
0.9396447139865793
0.20636538401862892
0.7099336439331854
0.8008212726725947
0.6522445241922168
0.22322595290996838
0.02231979771913073
0.8546162542810383
0.26404469283561516
0.716581744467357
0.7939597277047366
0.570308729973225
0.12286631555395211
0.8370881468341255
0.39842293442272714
0.42800234310742047
0.6276980922889449
0.12646275031320897
0.466166788252404
0.5121078174823758
0.45074605684927516
0.7172325922960492
0.14841674529020688
0.1894783854276637
0.7061583415221397
0.4221574344532273
0.36783716876633754
0.5846465487688611
0.3929707769697659
0.6211966109954894
0.5226980705282684
0.6218452935130321
0.31970048590108113
0.7415822137631145
0.8192510884521633
0.24431871374485714
0.504149172851948
0.170506488107235
0.5212854102267825
0.9184957880468284
0.7343589108227248
0.6401270331456562
0.9263426318974566
0.6839225297052759
0.5752973158110387
0.48103828559528417
0.8048268829185129
0.8194175787008352
0.6107312693654892
0.6530533677242393
0.37125482088629425
0.6617363220478321
0.12088103234670922
0.1310857731571018
0.5961475849780645
0.23509962410464558
0.7138297795227827
0.049115161876319036
0.8125747192998849
0.12826291034642578
0.6522963058709516
0.9866674812274602
0.12311791430830854
0.49037223977232214
0.7472610605184746
0.9199344878815572
0.07103013641417844
0.10767355961189284
0.7260690644345955
0.65360346858633
0.40362375493557834
0.2702127203457805
0.9250158900446617
0.9996626079987108
0.5264287674737426
0.5409828967412612
0.005055171911348633
0.5758936674392866
0.42342013811595247
0.5995474458850113
0.14415004446995427
0.859458036481479
0.40162149331500197
0.04798601706801464
0.8209223527943537
0.049928405965479095
0.007649343629142158
0.43908184799189665
0.8716375517045718
0.3713126653270007
0.8592707896768361
0.8149892182674076
0.9761950841309731
0.674063008454529
0.9368048258943016
0.7291894662680526
0.10867749641872704
0.5857574236073363
0.0872054091780865
0.06536511714275106
0.7741437302653782
0.003087229489601051
0.1079222340580821
0.9638912548266171
0.04573571475117
0.4179784224189197
0.7981429795039646
0.8199640708344554
0.5147990507722005
0.42712104231839965
0.7917786499189298
0.6269566599310601
0.2716026001607599
0.7868751223555401
0.8195613306036235
0.9044125462190399
0.9453735733176606
0.5444678880466237
0.286881484201299
0.07215736771061232
0.6497482905027075
0.10159152769390134
0.69950012738566
0.41033011317073353
0.4033709841831742
0.5479567493334402
0.521028087988557
0.679705071662036
0.22525645053177812
0.24005195164790016
0.5040738516818074
0.06749602582784586
0.6406645588012712
0.39430417757524994
0.401217452773027
0.3709048666924921
0.7756178826611924
0.41403214081383477
0.2324775237010709
0.2339968514696925
0.5668263289312127
0.7760277341148556
0.9626951229871696
0.8130549116080692
0.8686653962463539
0.5652976384388112
0.52526625889863
0.4613862378061243
0.3999877927573051
0.165441668988499
0.6179128956400267
0.8966240338579538
0.5409307286378866
0.18734001817236468
0.5916900579323426
0.8418881963290606
0.9635137229762628
0.45026675223329604
0.056184006239833106
0.31673855173815957
0.9597054921654917
0.717242636965568
0.5318650522910425
0.5946750595832981
0.11677016972926269
0.930384760892569
0.5948156214960806
0.34100917575150924
0.6820866944279496
0.8922070230653814
0.4795624170029499
0.5982513484449656
0.5582679526747226
0.695269484587541
0.03249946464180853
0.09572967410971833
0.37428842607116464
0.7152711379865813
0.24139607615084202
0.8259749978375401
0.4894629551242822
0.651625102970181
0.3057421480002471
0.9524783801411137
0.10450095633357581
0.9247508146735417
0.3581908074830724
0.8917468416976667
0.8774942388665363
0.7207634328472137
0.4991161205929736
0.8471536230928078
0.5725784356600576
0.11193546917317065
0.764311581274443
0.16289993228056832
0.3051416427782899
0.9752511590604049
0.010112797963126585
0.6134746741809199
0.8898364382130535
0.8815697084062407
0.4707356577696322
0.14731985538760828
0.6462836826822056
0.7343582861428148
0.9193790129788386
0.6629791031131539
0.7722406255384544
0.6996515364776486
0.9476487030462759
0.11182708761456972
0.05513715478029302
0.8878391707052898
0.8671178705026911
0.5935481741902252
0.26026781636902796
0.32307893857503067
0.13234579942989266
0.1388529222816638
0.0075599679272685405
0.9675773194188209
0.9864355991777699
0.5584910505505756
0.3287205724595569
0.9556757162596258
0.23821922869594092
0.07844015170486285
0.38269797377388215
0.7366251709860088
0.6944152522481274
0.4782196517317069
0.9997767418986842
0.5251280328238462
0.7906136583220391
0.10259960778647548
0.823257402000629
0.31517017362713307
0.3916988432136469
0.42654477665037993
0.8225550623410454
0.7253628479932516
0.5653304376622809
0.8190538901455908
0.8626839900469059
0.11295839882580738
0.37135904390859886
0.7736253148232675
0.8324781389448134
0.7188995143828725
0.355561954681645
0.15139971904243688
0.5575301239833864
0.0877068761998483
0.4878415912196298
0.9176014037994655
0.3537141155250726
0.6437056330291928
0.7430374099451431
0.44271975802954144
0.6132911916913881
0.09903595729756398
0.3867597162969868
0.6869428862398785
0.2579779886297011
0.319088820387346
0.2991614278862811
0.4896756043540599
0.24199253205222593
0.37745301984496327
0.3463221522566521
0.7455444834084229
0.5429743226324316
0.795155089234064
0.8919263777617393
0.46411285909938516
0.23980786093536155
0.37791860417725054
0.031175281718551218
0.5825987330362623
0.3437621143840933
0.6403655331188375
0.02437999568020266
0.9292096994189217
0.0229910568772439
0.5375263455341729
0.7094413750592794
0.9192779369606657
0.7403233643510297
0.11172238188227368
0.380429455783726
0.40720018522510404
0.610401851963522
0.7068279504147784
0.7337337861983148
0.614256561380472
0.9746164827613054
0.6021157230033404
0.003762997681826419
0.20570344701506005
0.7909071841466564
0.2743343944066351
0.33693051290377984
0.40010513396407665
0.9403958120162142
0.00936199354738454
0.7856706083939786
0.45969011385586966
0.9639392557005093
0.2537247312461016
0.043487159800072894
0.032587073201343575
0.0590785205475719
0.921465753543452
0.187544813746639
0.5961172995741733
0.3914915697562017
0.8532935638648297
0.24707083772330163
0.6848893824766497
0.9049401419277258
0.7626358232110539
0.37384286141363676
0.6782630665888237
0.8498342056876547
0.29716855972850886
0.7552961344643875
0.6688190242340731
0.19291985795057076
0.2945870340945873
0.18129167092102483
0.3367921250155933
0.9192296127416836
0.9178293070921906
0.35234417645571237
0.8149955118311644
0.9923170602608266
0.11765892239471232
0.6001166614418743
0.24458348531695262
0.3999300560211928
0.7894586486090461
0.680246549740528
0.09407154190288913
0.2796601625899947
0.06628244319154286
0.6930757209433965
0.34235175507070725
0.5927381655796917
0.42165772186166894
0.9896147645048706
0.31101274872456697
0.19402902681289513
0.6433262350146276
0.12807967338103654
0.2720930439996694
0.43241164077929584
0.2830560742207725
0.5605968750490095
0.9544675912821102
0.6081123548628139
0.887853491102836
0.7501803510397281
0.7253868474611838
0.7121934787140448
0.1743481188532986
0.8448424386670733
0.5332589984307684
0.8782810446407113
0.32082063153300044
0.8687076659698586
0.6635851482101681
0.8877489353128946
0.7202870087121457
0.6292569261229817
0.9820287754001044
0.8869590333198748
0.8632492274412004
0.18533679506871403
0.6169199650734557
0.1987904463631841
0.5001672325824317
0.7723270130604849
0.9680661213549249
0.7405727081378537
0.8714022597568305
0.5388667609962434
0.5195605957996801
0.09667188843228813
0.5863274197984362
0.3137979022883435
0.1813513879297609
0.7363601473067395
0.6834960519146297
0.8924918736532009
0.7876518795800392
0.21623311635561238
0.5102042628253639
0.008483905112774082
0.9398465998099746
0.46132150210162604
0.3224790558223619
0.23934681522160484
0.5973645700419847
0.3801765372482524
0.9254689623636881
0.5849936477250309
0.6920636214079299
0.13659182001121706
0.2494089125057094
0.35210715387053715
0.5699892112663993
0.3742563671358319
0.4877775139521485
0.28015100415637784
0.24894149815788147
0.5705172996354502
0.3119586314319459
0.5524261510836105
0.321104808795985
0.4815623674147417
0.7206659799568407
0.4498931590612245
0.8270641470506649
0.3337166273913914
0.28258376441936495
0.9259892528303542
0.5808532635023296
0.014178923304134394
0.8871220733730545
0.30742683478545674
0.23524955985339302
0.019408200447756374
0.6308812020671927
0.6589675393197774
0.8423511806543423
0.3305009113226065
0.13636407066742517
0.08942430204756968
0.7865418798997543
0.7022849679056967
0.4246712376449642
0.4216513521950096
0.7452700444072651
0.07648758303037351
0.44535880477015155
0.2010399181169933
0.7676376127536686
0.9592175828875009
0.5043340106638292
0.9750453366543728
0.6516162284939198
0.6391355767937429
0.1246094499710384
0.1405289235759264
0.5477770410592506
0.06506772421071638
0.32493156528683553
0.42620609500604234
0.12074172157869023

Выходные образцы (эталон) F:
0.5024721683843519
0.5444794770543517
0.5124582119628656
0.5322974707567596
0.5111177150208639
0.5054216850113502
0.5395970828155299
0.5117902376424848
0.5406804151630573
0.5438275535118049
0.5305186107042458
0.521105431016646
0.547521181719744
0.5105874574954187
0.5445796805982697
0.5010975444446698
0.5247829493635628
0.5424439859678334
0.5308345658866648
0.50038673460825
0.5018562292224611
0.5411045616228289
0.5260997196854637
0.5154506537492455
0.539064958444372
0.5364833112045485
0.5004813767354838
0.5411291899867678
0.5207307784673589
0.5234395360410333
0.5293273143222742
0.5464978267665216
0.5346068575375996
0.5103459290201589
0.5214752279188064
0.547234278191508
0.5189116264726705
0.5384417851733039
0.5384875799957318
0.5029282762261689
0.5488383277089244
0.5372047462667402
0.5462864056476421
0.5332658006351371
0.5284680023312778
0.5339091973755875
0.5302314282514753
0.53965675596511
0.5394715799976522
0.5341302748858225
0.5352210004953802
0.5206690461898296
0.531850973423061
0.548199474799966
0.5088377341900685
0.5465821819248615
0.5182395948876407
0.5425212114525926
0.5049093521091318
0.5464800080473848
0.5439594749518775
0.5332192171699248
0.5441101355575068
0.5465648319202662
0.5061151483755517
0.5057975208109505
0.5393895247552583
0.5067941839335377
0.5444937704141228
0.54337277556953
0.5020817561142852
0.530516630835309
0.5299363877950825
0.5375630750403181
0.5335241013636289
0.5005144963598569
0.5111470931059705
0.5013029202771087
0.542891134467429
0.5237490762745999
0.5006147470240164
0.5296948568285343
0.5287385678542368
0.538147840572888
0.5224362722603811
0.5275053464121775
0.532442636811796
0.513973316802395
0.5113509718993913
0.510065775206031
0.504319571394852
0.5016698322965458
0.519222116920919
0.5301490552198855
0.5447146380507596
0.5205969242898372
0.5385350575152125
0.525858115493369
0.5087613408018742
0.5187272413877845
0.502220338873682
0.5076846300156916
0.5278287442664039
0.5092118896609725
0.5002558554502655
0.5066746608300519
0.5088985414156304
0.5056976802158423
0.5340537924904025
0.5300724595827613
0.5022433486759886
0.5044183780820509
0.5125961442036508
0.524904506771621
0.5228138486464156
0.5373760507739357
0.5146468248516133
0.5037129072353324
0.5156847980606774
0.5313787579164468
0.5101389424252225
0.5110506147197519
0.5367585238399556
0.5283073029051681
0.5440124990347213
0.5234104998801605
0.5226794468350687
0.518746459569024
0.5163608527423782
0.5029761238469639
0.5025742719125704
0.5160350138578615
0.5427334916025292
0.5199541239718644
0.5157998885212739
0.5038641752565777
0.5098381986116951
0.5112764545029173
0.5283546581983822
0.5457853448377836
0.5076874311929108
0.5211452942974748
0.5129886312088011
0.5133759364790152
0.5104417591555444
0.5162342421130679
0.5053343781969065
0.5403558778359863
0.5388174598960238
0.5043565069462665
0.5075725195417378
0.5336476112595795
0.5419458611264748
0.5360641173979666
0.5332446397745271
0.5022288931457496
0.519998812430804
0.5459517164796053
0.5488311687192557
0.5076403298177357
0.53172763259442
0.5224043883525018
0.5296229672065663
0.5251785926727389
0.5253021798389101
0.5151509621647905
0.5452326885906742
0.5031313964413986
0.5144821720233407
0.5372626241150026
0.5078156782166462
0.5458918203249069
0.5352046421205892
0.532171182192394
0.5216999972834012
0.5234271995078267
0.5391294428085356
0.5018722009115174
0.5216613430349741
0.5133717988243093
0.5095489522290005
0.5317252440267785
0.5065209874767712
0.5219626544199174
0.5233386480364663
0.5351668251734032
0.5120934879496811
0.5391444148782073
0.5043019649744347
0.5192112148410797
0.5097658385537679
0.5084317209785868
0.5083458900621542
0.510830065902501
0.5481508257221192
0.5055365935912546
0.5314129614931381
0.5221739188053399
0.5283247476007661
0.5483435113389638
0.5049908795231117
0.5121269329216585
0.5461333122131679
0.532546281278395
0.5103226865622769
0.5258707938616409
0.5249293633603215
0.5191485326266329
0.5061484761150804
0.5439745312594849
0.5228922805597903
0.5310735757348783
0.5249238505109904
0.547024098040632
0.5367712088848876
0.527329588758461
0.5179808597008366
0.519958822100766
0.5404929708678892
0.5125325307896664
0.5340239024217897
0.522091481969165
0.5425803671393702
0.5021018720363378
0.5236860903472339
0.5252545128847759
0.5407376932527992
0.5441131745637154
0.508610826007173
0.5316369626552135
0.5132777171257917
0.5316167789154834
0.5016688489252553
0.5356551263320696
0.5252879513204293
0.5252132525610345
0.5114727732525198
0.5226343396600457
0.5445639929525834
0.5308139859918312
0.5343091449792852
0.5001702676962909
0.5203737672060957
0.5118092602044173
0.54097229049584
0.5157850642835712
0.5410589618185804
0.5373162983403528
0.5167547626909
0.5308971104502235
0.5123285195656876
0.5147862595152196
0.5120259261148699
0.5331826149204207
0.5018539798263383
0.5430118314392466
0.5064132312783122
0.515123163146952
0.5034375542552053
0.523496036152272
0.5145900120951735
0.5229053990697972
0.5095912372932161
0.5452180245737972
0.5120691019741952
0.534867315395581
0.5068388670457254
0.5380631218108136
0.5222033805386971
0.5203702128868704
0.5174329404272572
0.5335720480500616
0.542802308065909
0.5023162151051004
0.5074641184749111
0.5042082064347122
0.5483878179737136
0.5145282842349315
0.5305337399410786
0.5330421112391525
0.5241334014582845
0.5188630001262584
0.5262582900392394
0.546608480941226
0.5459570167002118
0.528235954586337
0.5168796706294839
0.5417042180839001
0.5340714243541402
0.5377054156355597
0.545166228320161
0.5370644345464988
0.5325348271269
0.5033819932394733
0.5216068909443873
0.5081788913267223
0.5009902222904397
0.5192103531689948
0.5036243982959554
0.5449926426450202
0.5068335706989617
0.5246036112473632
0.540163495719719
0.5058724044238381
0.5265089684426917
0.5165018364432861
0.5405460833055323
0.5450140740772641
0.5164932104362384
0.5066731842235174
0.5019276980163941
0.5384170508014561
0.5098026678324215
0.5329794887770202
0.5410383562016501
0.512657449722875
0.5155321543793521
0.5408877196588265
0.5321456404622694
0.5009549744508599
0.5060184555248093
0.5447245156462555
0.5093390675566074
0.5324471859996321
0.5437104747253844
0.5110431082166108
0.5453021411841283
0.540160099184668
0.5197234300704396
0.5050002251393872
0.5087121531880914
0.505895445348447
0.5473563175855441
0.5418251796714034
0.5382876336113865
0.5001426955194047
0.5045598395639632
0.503304128972821
0.5382895378999077
0.5291678371417387
0.5454562952734022
0.522699598942723
0.5139745961215962
0.5346311002368773
0.519533374351361
0.5286786442766842
0.5330979081339217
0.5234423002224061
0.5340606335005773
0.5396326349370009
0.546066745775657
0.5190751272244163
0.5146103622189852
0.5242374362565815
0.538758646126308
0.506230677288602
0.5143038628329012
0.5312248372838386
0.5283342815255356
0.514565706186102
0.5045496467467906
0.5011144281469546
0.536599202280303
0.5031825426330389
0.5025918213077711
0.5360896350607617
0.5355984544281133
0.5297152757774451
0.5301449245796189
0.5412925116255631
0.5341641833803398
0.5331407952774238
0.5407557710736202
0.5095589112116448
0.531078745501937
0.5338934557080579
0.5043033212037138
0.531018986660196
0.5193644454073469
0.5234685516298689
0.5402243912061933
0.5130475707688387
0.5189659429985555
0.5114625459044096
0.5426360003314845
0.5077647614015793
0.5257524652943891
0.5149168697851907
0.5415144338641862
0.5236591372350159
0.5383343781855902
0.5059073637693015
0.5284865693230127
0.5069343531411824
0.5296622734459359
0.5475528414213339
0.5125908318595066
0.5448644043617251
0.5437566307623755
0.5170039665349195
0.5165730761123966
0.5217837074399817
0.5002022399789403
0.513517577935658
0.5368970291063391
0.5353351838870068
0.5242339553386737
0.5184217861746303
0.5046693699245434
0.5162528738913368
0.5433389742392284
0.5196336220283043
0.5391063209290387
0.5182651695325694
0.5383057331608082
0.5324036986799648
0.5160016165044887
0.5406705705922559
0.505560638218026
0.5021313110113002
0.5218949818993697
0.510759958918113
0.5024512176744067
0.5144185723266437
0.5262857412400861
0.5225376695798681
0.5218579483903426
0.543013644590247
0.5352879692783474
0.5131282562488487
0.5131468551081566
0.5479308214821074
0.5165815744716145
0.5418466225296372
0.5260111421397835
0.5078291516354267
0.5433779713363973
0.5161562904973125
0.53519247531849
0.5386814912292472
0.5043895107023871
0.5016438827022325
0.5264211989898798
0.5278723280383275
0.512468597023892
0.5456974810624794
0.5061696110796591
0.5211254099460777
0.5156654176706701
0.5177923223562751
0.5229735931715895
0.5300811427259735
0.5179424729800759
0.5311593816114166
0.5471452501860804
0.5459189442430035
0.5216796161239559
0.5221407056297419
0.5206728556994685
0.5091511638497467
0.5324050410667303
0.5317199315309323
0.5409842825672716
0.5016028791593652
0.5238956950970971
0.525557233996085
0.5200362323432823
0.5046358317924373
0.5009048315415513
0.5433550489801615
0.5078839427663963
0.5298749576558383
0.5412949342497566
0.5005341903455562
0.5234847226040513
0.5320524028991721
0.5372809930100053
0.5430095960667856
0.524993504506563
0.5010966209233689
0.5118221371280718
0.5213207305596199
0.5112197645416666
0.5332631033537019
0.548938864857906
0.5074937453918043
0.5172325360927005
0.5079284576246521
0.5238786392393423
0.5377908358511945
0.5483238677217609
0.5216510255025018
0.5206043678273041
0.5489367781204781
0.5036709773890153
0.5252389192872093
0.5320382776459519
0.5435034692624331
0.5110734609543617
0.5218602852386949

Новые веса на входном слое:
-0.36921133441179876   -0.9216618658485206   -0.0835993472349853   0.742608581043601   0.08629726511851801   
-0.8255206321189664   -0.34333960409414455   -0.8821391842165425   -0.12247371331869654   0.5169533028591603   
-0.3763628858642835   -0.14112172063516165   0.4493484567878191   -0.38832779776947457   0.7782937988676351   

Новые веса на скрытом слое:
0.5491810341651304   
-0.5329965345387792   
0.4303863325307898   
0.19262923921480968   
-0.10856285544472487   
-0.3898111422127151   

Полученный образцы:
0.5286831681845646
0.5248938976871695
0.5290054273604547
0.525982091183367
0.5271033584940742
0.5267463976986742
0.524909318678344
0.5240603082582532
0.5266641915029827
0.5288250661623733
0.5254674679293602
0.5291157586076654
0.527217040838802
0.5283817520539522
0.5286038312251365
0.5246419416236383
0.5245354922521351
0.5291373591445192
0.5265545846162925
0.5284691365419725
0.5272119247998462
0.5252519734619037
0.5266159379919633
0.5251048693189323
0.5287705319226594
0.5272831931168784
0.5287482788634049
0.5282044461488503
0.5269488603122541
0.5242586025455528
0.5246681818071179
0.5288679312034177
0.5273811708194095
0.5274639974834585
0.5289270208702574
0.5290184425867082
0.5274808445174303
0.5290243875317074
0.5247541705411105
0.5263003300665668
0.5284478899353847
0.525144656803605
0.5237553386674808
0.5288418006301291
0.5276890011947621
0.5288908060537504
0.5261765544925789
0.5258445553951945
0.5267947703728111
0.5255936436398269
0.5288930700987352
0.5285848300834513
0.5273708803766867
0.5242135317534277
0.5281657611102062
0.5283443690612936
0.5259613447896283
0.5289212951911934
0.5279791904491481
0.5276874294471741
0.5275654314669372
0.528090632473353
0.5278528157724578
0.5277420872038967
0.528766928603327
0.528177868381945
0.5256848450311904
0.5254808865675352
0.5253320364361528
0.524737743558522
0.5283346465387466
0.5282907576052762
0.5249927587126757
0.5280164030462111
0.5270181682931482
0.5267021781732381
0.5259921206053436
0.5270205839431116
0.5279190275224502
0.5248442629825661
0.5290232427247524
0.5284222827893267
0.527002441569939
0.5272041486737025
0.529071465426305
0.5251892786238128
0.5278911124881159
0.5288779537204944
0.5271205944535569
0.5289485010304781
0.5291304485127264
0.5283856916693339
0.5283807786154017
0.5262654427480042
0.5262314492088995
0.5294262922620091
0.5274002118109996
0.5284018942452169
0.5281299319593931
0.5287266070960928
0.5271125505542076
0.5255062381680511
0.5294414542807487
0.5284428290720218
0.5263986494861536
0.5256658261695853
0.528078948234162
0.5272661650913174
0.5284549823384446
0.5242467146684066
0.5252034663057332
0.5295901752109591
0.5279075860734269
0.526201388509074
0.5277892948540868
0.5245994018802106
0.5290545503819972
0.5258027016606264
0.5283995588759166
0.5253815932195426
0.529520434963926
0.5267528154545942
0.525392955243199
0.5277853442147414
0.5238451522764309
0.5257567697941802
0.5268609871084613
0.5256779643166286
0.5239959766323218
0.5292351030236926
0.5285121214213822
0.5243625213260108
0.5286180430044707
0.5268602312082494
0.5240089361822161
0.5285643389352951
0.5270003791781815
0.5278701056630599
0.5291094797249819
0.5286092931762629
0.5236534250278414
0.5272167906261599
0.5274932081665072
0.5277633446579171
0.5287821843529
0.5266310548893142
0.5266703481423858
0.5244355278366966
0.526888795709365
0.5293507080441758
0.5236442327320565
0.5252510098675659
0.529517060619844
0.5259884280870707
0.5242395506672785
0.5284679978590153
0.5255487571412925
0.5247801330862313
0.5274370956896259
0.5275712081295841
0.5260962540640123
0.5261077022594972
0.5242717865454201
0.5293332932406312
0.5286873470686031
0.5288115826142068
0.5289872306995196
0.5283634131889748
0.5298392526442575
0.5280178103754022
0.5243116769030391
0.526374459390714
0.5269591224065184
0.5245651521915464
0.5277060264559317
0.5274868395834007
0.5266102408418851
0.5292886729237967
0.527427137380667
0.5271459893480704
0.5289980156595148
0.5254796032857066
0.527848973415338
0.52675942088284
0.5269853467061952
0.5287834851407955
0.5242057994666052
0.5267389417950064
0.5266020956279283
0.5287966884479152
0.5291531054917034
0.528215852890433
0.5291163837657655
0.5251399189105727
0.5290168904032725
0.5276001295369523
0.5273221239866666
0.529333562286907
0.5286017698347565
0.5264951479084666
0.523751626668811
0.5283013040275991
0.5277760150713118
0.5280109396332863
0.5259173838800183
0.5285873124998152
0.5291469849518251
0.528837837328854
0.5282406822945653
0.5260448234347124
0.5260135048088139
0.5292229931292195
0.5257909558622594
0.5283731976858687
0.5276119760853788
0.5295945141105104
0.5272658619002528
0.5249682404306792
0.5251379895870877
0.5282451503951529
0.5277270631927877
0.5276431558697576
0.5253092409895165
0.5286084421908797
0.5263718947250386
0.5263830012705424
0.526609766424174
0.5260421196703594
0.5284195190399574
0.523965520524269
0.5244154134468132
0.5283492120485057
0.5263922550429393
0.5298810625757016
0.5258666714760635
0.5260905717790001
0.5289845699556632
0.5249472294311645
0.5286109983581213
0.5288954557371043
0.528160518731776
0.5247316438942878
0.5293897582537175
0.5265274531339299
0.5246105286496577
0.525243907423318
0.525003295918373
0.5263320841747832
0.5246957145085012
0.527128936804204
0.5269029545775458
0.5260373013160069
0.5256699805650477
0.5247975723664033
0.5282536401788497
0.5266739790978665
0.5279983178704271
0.528250436755843
0.5252408783446869
0.5268421876728288
0.5270659262403415
0.5239935026404304
0.5268692387998086
0.5283693484419767
0.5270220528976542
0.5242724162565768
0.528077426805409
0.5277441727485273
0.5272114349803627
0.5267642787378654
0.5260707919370096
0.5292788718263608
0.5289207416869965
0.5285394037237976
0.5262601239015358
0.5277761109317459
0.5283256318691807
0.5287256362507773
0.5246203682693431
0.526061513895008
0.5282449407029063
0.5250315279149891
0.5262591842917949
0.5237293338691268
0.5269549782444652
0.5281958120563953
0.525092597175466
0.5267606441220946
0.5278807420854177
0.5279238605797563
0.5265456789929865
0.5289121158683812
0.5278098069887984
0.5279398775718013
0.5288257156623868
0.5287547475873978
0.5274634808141558
0.5248485515161048
0.5245937504757805
0.5267948783857155
0.5266036166050664
0.5267444084944304
0.5268934678761636
0.5245173402564286
0.5277320142875415
0.5259941021680279
0.5285520765037272
0.5264053624179871
0.5287165562067657
0.5256421202293803
0.5252773820727339
0.5259940769009938
0.5272607033031469
0.5248886168542659
0.5254639733544049
0.5245261645919305
0.5285642061026974
0.5257716179120964
0.5296084459641726
0.5244440755514171
0.5247224953304401
0.5246297621226803
0.5273500385920877
0.528676710735138
0.5280875546673442
0.5280990084916789
0.5282875446932963
0.5253337056452569
0.5269872651929921
0.52975855429263
0.5276366564758262
0.5260055884504711
0.528171941430431
0.5281649400829969
0.5279473219430266
0.5280353899550847
0.5256047014240055
0.5256808001448234
0.5286584307119241
0.5272677937344415
0.5249808541759154
0.5294516794301787
0.5279264682147845
0.5265414059307149
0.5253038626175284
0.5295270951793554
0.5268404653060124
0.5262073513609654
0.5268292437627173
0.525280820984698
0.5281528052902651
0.529611489533422
0.5275701378573358
0.5278335356694391
0.529893816972042
0.5277866717236411
0.525035542444492
0.5263830042299369
0.5285863088962868
0.5274973291707289
0.5288595153902358
0.5287991658580505
0.5268892110513947
0.5239927505197641
0.5247089107919504
0.527125760361783
0.5277013880129408
0.524647567097159
0.5292449155297958
0.527841499705577
0.5250719236286276
0.5279151500407622
0.5252640789923575
0.5262456060198523
0.5285355223390567
0.5242991686806237
0.5240087125689301
0.5291435867249213
0.526632516089186
0.5275658644469016
0.5284920371839559
0.5248833436162024
0.5267541893555865
0.5256024193156066
0.5252389644480934
0.5297407234030503
0.528280570067637
0.5281420733372156
0.5242513370654065
0.5276799627730696
0.5254929501445986
0.5255621045396472
0.5294664003889491
0.5247344276829559
0.5267735637354424
0.5260947734473977
0.5294500711528373
0.5250133790055004
0.5268686118342452
0.5265480832441952
0.528564294070837
0.5260041238650214
0.5244280760537239
0.5256003983916572
0.5291060267252442
0.5288481161034325
0.5289857909907156
0.5251537992554602
0.5275915398704217
0.5264399022596188
0.5289801248037055
0.5279913040113319
0.524085569473146
0.5257494674239126
0.5273836221894436
0.5286412967360724
0.5244619477944688
0.528690829784199
0.5278390424891403
0.5271330065223719
0.5284738661961584
0.5247798525754676
0.5288286910831308
0.5272660555095039
0.5273683087332542
0.5252055836596311
0.5265987444747313
0.5246720938532801
0.5281537118965856
0.5284845528796082
0.5255536385850625
0.5291068544818078
0.5276120464678689
0.5247799269025579
0.526048229334313
0.5276058454219789
0.5295126484064464
0.5275623903224524
0.5292876161150571
0.5272041323767981
0.5260792321947051
0.5291376878428667
0.5285062595937391
0.5260497426960957
0.5295504884185263
0.5259229943213506
0.5271361628758584
0.5290645724446663
0.5289686866803466
0.5289798213315964
0.5255067191788425
0.5284174694663578
0.5282806681379897
0.5271689529042838
0.5291764858477053
0.5297926968461184
0.5244831541603278
0.5285516810666382
0.5258613845847923
0.5282624587101875
0.5262674680270287
0.5283322285103826
0.526849939718134
0.5261339264360799
0.5263549070588731
0.5292736209591058
0.5287015408368319
0.5286740802024201
0.5292006667186263
0.5256169208311595
0.5285337847331505
0.5296798685102604
0.5292790470941416
0.5267597131700188
0.5266418640043713
0.5253002516436421
0.5271476003660445
0.527131680951714
0.5259636563744005
0.5288199076744374
0.5288302221832917
0.5291792791035799
0.5272030532078082
0.525422827045979
0.5293294106885503
0.5243150323294806
0.5296726814185271
0.5275105514840294
0.5247356254560404
0.5284507808737745
0.5281744991592198
0.5266839356856527
0.5260529346036912
0.5287786757673323
0.5262558111760971
0.5273906712033459
0.527658209728478
0.5295994992795773
0.526543292005607
0.525326099305643

Ошибка сети: 2.166895345742511E-4
Количество итераций: 188