Количество входных данных: 500
Входные образцы Х:
0.48678107485496025
0.6318693882912435
0.1926261243772115
0.5127435345161824
0.8010756289358089
0.6708840062827797
0.575601002801156
0.25359373169935207
0.9160836842377961
0.00832486940769761
0.1712086509004901
0.05221240769763902
0.1701718506287977
0.9558811512239411
0.38667448352071077
0.7162829712571878
0.9622384907988811
0.16378392935520902
0.0992363601286792
0.5018618857409706
0.4548516095826528
0.6708214244984788
0.6342615904255837
0.9827340840595776
0.09407618160082165
0.4318484443358481
0.26551302301447643
0.44708257694796394
0.4216076276911277
0.8406429886729518
0.31523153559470296
0.80465720447823
0.36674146951046727
0.016938966242956432
0.7842410159915114
0.0042286454801120366
0.44887434204757626
0.6586914899786238
0.3260713856721019
0.2589657042582534
0.09564438306618639
0.07410667988649167
0.29413411955182
0.9564755998753444
0.5874842256667783
0.6026954087761567
0.5372735048909563
0.9905978495629426
0.9762731185776361
0.01058626561484699
0.5965564221910198
0.39364503183505395
0.6939389047823515
0.6025602687332826
0.9649522023009788
0.5706338705731521
0.4662751215159169
0.7317455711721822
0.1115931297177628
0.14115306314326237
0.5779016447827363
0.10763799039674815
0.04359549681710173
0.379864733979166
0.49621244212852234
0.8040886262043707
0.2809598734108696
0.5132385470493172
0.3553171547252606
0.15112755935582944
0.25385845387446504
0.6779688975271025
0.8253976672585249
0.757968044813632
0.29665660759336365
0.17562725298474002
0.44856514093024324
0.7592632723269712
0.6093042084733165
0.7684530463851192
0.6092165403576353
0.0026632378162433357
0.7842723846330075
0.1527884013205869
0.9250538352661248
0.30294690272020086
0.7559990911459396
0.4195133661629382
0.9943438771463781
0.07648048755398129
0.3198473438077182
0.2649397248818749
0.11565960825261667
0.6394798627523576
0.6888678896728281
0.9509734790098286
0.808258702646508
0.20453137396891263
0.909197896571658
0.5299572078585979
0.7044190788573734
0.14205186012997884
0.33871574503661017
0.6474552027437933
0.6594647774546555
0.38684555263812126
0.8086117203318619
0.315346088611819
0.7308800173776944
0.964641880497724
0.533822662286876
0.4079386096143852
0.014823251095607115
0.4894743362250864
0.31581853582061714
0.2754288523312697
0.19651695409385994
0.13998838855595064
0.0900171720573163
0.7918672987827414
0.07040311113531306
0.06124120670416999
0.41014309390893844
0.3589070757144234
0.21661822966986233
0.3582843331741623
0.03313510105658202
0.871955530484612
0.48225615844144554
0.8487955533527357
0.37074636929810034
0.4219527974694103
0.9090503478340726
0.5242536482382685
0.20776995002137066
0.5538531434105552
0.2735223486349543
0.2326259352307114
0.7518616030014046
0.2319859564367759
0.46130603103947754
0.4402652294391455
0.7762209790141816
0.27282470210339793
0.4842722226698607
0.05668902158108613
0.343931094195597
0.8972943832457341
0.0672422047144774
0.213140922278247
0.3615453420920517
0.22759895236932526
0.38049199091325736
0.5743103971124436
0.9995501225837911
0.007651926175021084
0.6749143033532965
0.232313464244852
0.8386203935804555
0.5615450985579256
0.2886184183458472
0.4830139145882463
0.45312429673008425
0.02109168142173934
0.7369128036820322
0.8169908642866319
0.027122530330424888
0.15133183914652115
0.37202887408931185
0.2709350887799785
0.5131464934408877
0.6819900649104904
0.4046086687220384
0.8799832891879952
0.790328938062231
0.9132255925277264
0.9158934321105254
0.34747559418846885
0.2559997209060557
0.5056182860642539
0.8577135260302831
0.20584891762615154
0.2936480324789763
0.787184289019817
0.9367949600036057
0.6808544425468902
0.10019203342193594
0.6143173108465978
0.7105611968831478
0.19101482406877146
0.4267854326400188
0.8089025724029856
0.18352349410395463
0.9152126566405975
0.8899299272669731
0.4604525988251963
0.6865166008489875
0.14352912231518478
0.64345130943164
0.9299650626725507
0.8454512774195344
0.18992712821600943
0.36693626359559983
0.22130485802843392
0.0019183917455968258
0.4901009598362178
0.7225155517441073
0.49626379898367434
0.5348944680608869
0.13379042435963107
0.6594191255693064
0.9010531992026174
0.15096140158196525
0.48808401901990484
0.20451679435821735
0.544836000388595
0.35986811072198155
0.7567124908897429
0.6670978418551384
0.4250066575700937
0.03292550925078863
0.29006043685314054
0.5074319364149864
0.3292785688147366
0.15364020753004415
0.21160053285411728
0.4711923080390308
0.2612406052568277
0.6131567050973135
0.4586808811028956
0.9756119635035779
0.733895434631796
0.17749150316819484
0.6490734453593795
0.1482819498429372
0.3547942236554117
0.559207050087371
0.27941721023932287
0.3657905606800981
0.4867340723986213
0.8630870813593684
0.6376668885608591
0.6169406161553556
0.4095851640112904
0.5435394124588834
0.46888417787069403
0.5240718137400915
0.33166754790830744
0.41086588842644334
0.8721854470937763
0.3960535893020155
0.8031977964661717
0.1542035390186689
0.126385990534305
0.25780315078124016
0.5696780292415458
0.3108548249094397
0.14285784111473832
0.40372290370878205
0.6697012578027932
0.6048894259252161
0.02634436587780542
0.6562395904110978
0.6294983092111712
0.1023131260739375
0.7879518005977422
0.1756674211538607
0.9356534969593392
0.685764538668671
0.5992641310430878
0.3639060968368778
0.5777675326782656
0.93861370954448
0.10250453280075789
0.13202366749684447
0.3444476999210305
0.6465008088358065
0.19889274751687147
0.5605635941020616
0.7288572663408247
0.7737675908767246
0.42582517848025114
0.7714538120264622
0.7541570620891856
0.9528979201183132
0.5032297650072143
0.6516854322562688
0.7645242311352212
0.2369976504213328
0.8804255816504906
0.9214670848872121
0.24403453560443267
0.10850908682366422
0.1470427917757623
0.9233503718132159
0.02354597641249967
0.5117678001392981
0.9850354033865486
0.4238608721657081
0.8148235122737916
0.9826753530591547
0.9335460063367129
0.665458186379207
0.8714956744687066
0.7856740944920259
0.6143580162265515
0.8841874637219581
0.7180358386103084
0.33637502563029875
0.22289750737965885
0.5171742999842756
0.3108123816465157
0.08760391602224737
0.028223455541247167
0.3641531776341398
0.6993533098994731
0.48729412726315713
0.3451717279929637
0.038509834669900656
0.24132290733444817
0.5785695189787641
0.942794424842189
0.14585576928686794
0.691309032350525
0.3055244459388725
0.13546327810006098
0.761943015478837
0.03137164453153052
0.612621905138911
0.8664818623646059
0.9467663497826189
0.7404046735870059
0.9812951340052118
0.9387782847231378
0.22798828604924448
0.3097144511496235
0.1342518143706335
0.17322631176541425
0.21436248911610767
0.2038202066015019
0.25614435089700616
0.6823697206464626
0.7586195513452318
0.13833310708461943
0.22868357312007104
0.6358010901823813
0.379318080590772
0.5008720407690656
0.05893710429596366
0.8631726644339479
0.9724536697580014
0.9763262797665494
0.8914683822008631
0.39179383177102345
0.19615685798399451
0.954375928977419
0.7381353886809748
0.5479960047249519
0.2956003801417122
0.09503353067037668
0.33378309254487715
0.564922407415828
0.5502753878093786
0.507071028756172
0.3317272007824785
0.7341267776320665
0.9720848977769562
0.3545483476515837
0.38984086402605833
0.014341642270190857
0.3602420631042592
0.3482610966812214
0.5662204042321387
0.6680032552841251
0.3277498491137052
0.5017766685331028
0.8428197783688418
0.9345969286792057
0.45427809245411854
0.7358293951022392
0.5261077472499183
0.9696131606026944
0.291542041679142
0.40019711177569606
0.7357158981103773
0.2788811039856326
0.5498269734291835
0.5487831489083894
0.1852094154417323
0.660273282817473
0.4280909997725567
0.8514789400740802
0.9835268649797458
0.2282508323342134
0.7151185410024239
0.3554843623481768
0.24129920748293054
0.4414466527420251
0.9854851721146523
0.9191144271963181
0.8531722241896158
0.17945865880898593
0.9416339236620355
0.03272252814476162
0.9454206934090486
0.8222535597658546
0.7121522130822193
0.9142214527430957
0.12755688837848356
0.9740569824693455
0.7063776095463353
0.2207862251871614
0.8672995252454643
0.9433326813429531
0.4467494299600393
0.4536727641764091
0.02018397985300846
0.34143046679679134
0.6528628882589288
0.1496893084020262
0.7882582075433372
0.19470851007528278
0.7349707009834264
0.2507082746866627
0.15672304018549632
0.7784126200280481
0.7697169228461395
0.621708158095186
0.16303959441101057
0.975321460930034
0.9771763216817194
0.5481864264657709
0.18994034500493817
0.3381433693603034
0.6958117697486251
0.18538625116120122
0.8419452194425816
0.19187683623854002
0.8607516596130372
0.354630935801201
0.8643969330570499
0.05082345836179836
0.03082738514233485
0.7861622308774723
0.9946950157054624
0.3446686957395608
0.08110123146280346
0.8932293146369963
0.5973213183397172
0.9490220519892589
0.7801531217452441
0.4287778494398482
0.4274142267148291
0.2980353681083626
0.6051841347504173
0.9239391646417553
0.8920624869387119
0.9201939522401092
0.3130338364614105
0.6366217736917745
0.7341542071178188
0.08310230105701921
0.981497291654384
0.8488587352871503
0.15052984189627716
0.8590623692567003
0.46286686706962654
0.743165888974242
0.9743530406752371
0.33046896409561666
0.4504128171798919
0.761017883537994
0.7010261969263509
0.8425238073726871
0.6485561100869206
0.3006499499875449
0.8176425029002838
0.18049564260082174
0.8587753656821209
0.8467455615789894
0.10788004272476814
0.2997310630728528
0.14582952506941083
0.14117108693224067
0.3474072437879966
0.768846770226269
0.6326663118616548
0.8017704544669072
0.079283507063175
0.4000107974989644
0.887426230425533
0.8753344703057347
0.9645028446547881
0.634946764961097
0.3122403743761206
0.17121055885720315
0.5397419418423571
0.13127171772586188
0.4210595234547311
0.8636210093225332

Входные образцы Y:
0.08253879588513224
0.6510046805949619
0.4025415009315241
0.7736082725397521
0.6835416849535804
0.7915598070886233
0.9040619524337287
0.9456287971165191
0.5561324759100672
0.31926406357895276
0.5442038241630823
0.6191671063076777
0.07564216109164679
0.8664167952472002
0.263618840518693
0.4623442745508435
0.03354091582205121
0.5351340364680937
0.25794423149754075
0.9823463569259578
0.11639854899329971
0.5146980325978842
0.9014963967359922
0.3565994011106911
0.6750759009596164
0.16385807989124446
0.7667526190770935
0.5389699346801687
0.4365211121894528
0.13550614598251354
0.5721707914781157
0.38687108037599605
0.9287092609215809
0.028376616190469495
0.6496862462770266
0.728005527809857
0.03867783052681173
0.7388966328542009
0.3132641455129421
0.739579255209238
0.3042742495215539
0.15603965060885072
0.3311741640396568
0.7481704090656097
0.25214622838168643
0.09301164419061936
0.557194204803698
0.5750396891873916
0.337669337151271
0.381825848840297
0.659738349623518
0.8495204466739252
0.8169206270396293
0.8702983889851107
0.8029434042786302
0.2922277674567786
0.18647075664774915
0.6557241652592929
0.08003754334211322
0.830177797934506
0.6636815888816288
0.2654680753305275
0.4768538320774163
0.5475096241125348
0.5483600133740902
0.6519342888854306
0.1521398759988022
0.8983543767252984
0.20603299853952894
0.8078518730801351
0.8613545052184909
0.3124967877204107
0.8437725143444083
0.5275422523686673
0.4219311692112284
0.3098268935148688
0.21141377962940455
0.34081028248706347
0.22052682001380086
0.5061806297308779
0.8541736090590941
0.9283273592914428
0.8965642895267034
0.44101971724183087
0.5670900275016888
0.39085162639683435
0.5014147148350386
0.986502874458483
0.2573685023546982
0.5893566186114056
0.6288565502806593
0.20785199096026596
0.5076339531197532
0.3991166240891586
0.23998569913050705
0.9365182691119087
0.7512518625480689
0.12802326622397808
0.164541100893132
0.9905051239509804
0.1202959772992851
0.5378846972883032
0.5506490702298308
0.9303059631203247
0.7074038608505056
0.8771850632796075
0.856278351331651
0.47426690593302645
0.19467609474867653
0.0847586013597762
0.3282374047804413
0.2137855238781351
0.5459384280786644
0.856059271609901
0.29833416864762174
0.06660868645029727
0.733100765186385
0.5771834866980424
0.04135777301291843
0.9855941009008042
0.2730104124839111
0.2265299139411029
0.38583066234657826
0.8006514403845287
0.6881116968446405
0.21995676725618196
0.7460187254262162
0.713180792173734
0.8723874768809203
0.8325241372927259
0.7524760049267475
0.8851775277479662
0.7434726380744255
0.26838477456233667
0.19843958204624002
0.769274553323523
0.4924933965454775
0.6701135629112795
0.5906795588317206
0.3113439314541271
0.20510054981168613
0.35974287964765594
0.1959478428808049
0.9238819939662248
0.6203286184140234
0.38599688234335816
0.10795846557903055
0.17625346084495286
0.31832719266331144
0.015694889867237438
0.524871555198247
0.47697109638812796
0.6836745567903808
0.15202032060551396
0.12354193105752498
0.6335401442570338
0.5778977770443224
0.7883283061812264
0.1443322103835567
0.0669971636607758
0.7729879554787827
0.5133916821627941
0.5590796831303023
0.6311250227337201
0.8471124791568108
0.7724614341420806
0.48484507305453417
0.4404275613369686
0.4243912923597425
0.05824459322278397
0.8273604853588115
0.8462984713082553
0.3525172998787125
0.4568787627918135
0.9906326865551854
0.717420941431277
0.6551656382842689
0.006209155245939013
0.3729472798424286
0.47828574425248216
0.8705505536406966
0.1371508803867063
0.2845580775292519
0.9388177139974863
0.6931523113814181
0.06364509418782194
0.8686350739571137
0.8084512374169076
0.6725512035889337
0.36269503567949224
0.5845838730776685
0.9295976710733362
0.09146935867507511
0.14319380663854464
0.8216377640078466
0.6882986334432557
0.04453514384750856
0.14073271053405534
0.2506635030255553
0.7639612526334965
0.16994930296250277
0.795305514034901
0.5934102564476059
0.3654223112165841
0.4481458165415956
0.8698003647567113
0.590970752956602
0.3671905157833312
0.9747042986092609
0.44939775474713617
0.08701214673281776
0.3075669543700946
0.6391855549678049
0.22546969656736748
0.30637404170612514
0.039446170174525674
0.1972249926520031
0.8123014028640964
0.6059190407965523
0.9349510605846815
0.31013355628507944
0.47093366155102034
0.20206148780498356
0.9366569122384825
0.7444193019189779
0.02165068934786507
0.6381879654739123
0.4210111747376365
0.07305698687125817
0.9151143923472089
0.04522316091737155
0.7936572796575252
0.9009973951091611
0.40187318341363243
0.5698830050149557
0.9717224209826841
0.8493214440936528
0.4909493438742688
0.6976966498199016
0.42473028102156296
0.2756091873973947
0.9204361427506741
0.5816674088539189
0.2436522685744782
0.9825069125603054
0.6765119479070386
0.9024823206132558
0.786711059343155
0.9721403459338156
0.6920055406174792
0.23246853873808349
0.8109032480807603
0.640935580161301
0.23162303474963597
0.35303444886787827
0.639807911433854
0.6775734788833989
0.12817384315077507
0.4841217141205354
0.8411011728157034
0.32621773392319364
0.47260910465628003
0.9242344131304758
0.09129670574792947
0.6078202605047381
0.580413001383679
0.17089943567887067
0.39058502172189635
0.5542219743260481
0.05786390790745399
0.19395240916428136
0.5572452367631889
0.5029312468702755
0.5739086046528578
0.16783190430306438
0.978954628752559
0.02487588614976921
0.5068695279530921
0.6341035817772022
0.9274234467462877
0.11308915707884526
0.9799318461544377
0.761725620888361
0.3531327149610537
0.8472037099730253
0.9253330465504754
0.1001052645788072
0.9685561498297933
0.8667922628040348
0.7244051504709997
0.9787856340991161
0.6010971028754792
0.6360069214234387
0.6590953205846475
0.49764114256388836
0.2510740774896867
0.6626339068983854
0.8803180616753367
0.872748318296993
0.02543982072876738
0.546594180345966
0.8494679867519365
0.7556389757094867
0.13451985799882338
0.9760843990161668
0.2416493833943394
0.027430464866284088
0.43690898827613045
0.5639669518689081
0.1126547991113025
0.48436782514298793
0.596764875604909
0.7226817634601634
0.7264518639648859
0.7776012487547945
0.7780898266918314
0.6128667176420932
0.8159138105648663
0.9475612040013408
0.94219362945909
0.5690372668402398
0.20675588745167417
0.9020831589368599
0.237381243070671
0.30509047410744305
0.6731164958217586
0.22747232550700103
0.6740114858896528
0.6330621783973835
0.6129481432839099
0.7929881938466176
0.263423847738424
0.39048041372472253
0.6323601406421312
0.7117678182265919
0.06583218327660878
0.764822085461763
0.4102816384232424
0.3549954924444887
0.14013608586461523
0.22799421034120237
0.27828954276140516
0.28116593947685
0.2177014674093991
0.8494247177095974
0.7951733898983072
0.13857682862486076
0.03251440863709665
0.8432621846076458
0.22178466966656263
0.8267258133060421
0.6317129707143361
0.8233478634577007
0.20894590084794817
0.46107605767154136
0.6633539494249769
0.38903737574857544
0.19967010255771922
0.9756936420590343
0.5923726312776277
0.3456133987157195
0.016668780260221117
0.5195487860067797
0.03104568234342786
0.07494513086535937
0.8571027552045934
0.15481242540477957
0.8868679364139582
0.3152137812669279
0.44875658719750844
0.749268539204943
0.8286067596149196
0.8829380816178812
0.4352941515165244
0.3700012624942761
0.6503980259361479
0.676197216762116
0.15297950556400608
0.9318058410776743
0.4740997741724101
0.6348630822104274
0.8372233109513993
0.3313104954562788
0.3717214241636059
0.20181779694336954
0.9545425800286259
0.8065860541185252
0.9125975172391694
0.22854610518742857
0.7939966373408526
0.8020590008668168
0.34407689193271285
0.19915685423518148
0.6718903501275716
0.18983262508188847
0.5998494318161813
0.10880149760133484
0.10451104652161025
0.3010599842573458
0.09663442841717163
0.3256216316540156
0.08589254610440722
0.8548018616557062
0.32780590712871016
0.2897718101250978
0.17107658678931292
0.536841159614494
0.5916320257801697
0.9587277730440843
0.41006763135781155
0.6772152954069123
0.8021568459309718
0.4950044154070249
0.3036547503117869
0.20276600421235813
0.2223549605972308
0.8105717549422029
0.8594999072089012
0.7997962859503053
0.13204043365366025
0.2316712847026715
0.5153687667709981
0.011962127192501115
0.8971133517314727
0.7283993850998722
0.16610712132050964
0.8198166607494908
0.6420788169647512
0.8653379230146988
0.7819420997224028
0.10096282383441602
0.744374776050726
0.8726769285497062
0.13791400490765948
0.25355993374188057
0.6668965387719472
0.011687973336395041
0.9877214443915094
0.18096857663792887
0.22420770892113628
0.7140706956717132
0.6099886279175539
0.7816073963852872
0.23827817646686456
0.8116096466919787
0.03094045484694541
0.06563418027953127
0.6811923349975438
0.540741809608741
0.38469761571651195
0.028853020821072994
0.8251212763084868
0.9060501830955786
0.810880372609973
0.4542880652996011
0.6239549209283565
0.4173619651348519
0.008936334151210201
0.8831537146205515
0.536341276615144
0.1770446267818805
0.06958401560774918
0.09949002657372452
0.2664819155156003
0.7872567845672291
0.485990630414043
0.6065211275799224
0.4468838793631926
0.5713251729843957
0.3107790983645933
0.7378336110501121
0.11637012541005687
0.15908275418873397
0.2696858715015099
0.2427610508415372
0.9570020173470719
0.5729173621637634
0.26866734978914075
0.412899288849936
0.6451691393327512
0.5694441754083617
0.13848009866344346
0.07546707819335319
0.3449528988506515
0.14112931190681832
0.6492355559138407
0.06926483357593305
0.32597234145211873
0.7628562258854258
0.797157225896502
0.14027417494360295
0.9232719119060986
0.18034019534360535
0.1167448970871231
0.5464790284755229
0.5734126198528897
0.2804605871964575
0.3037764079757408
0.04527914459750293
0.458779384180241

Выходные образцы (эталон) F:
0.34204172081753786
0.3366546710068386
0.3172433385353362
0.3181897333620656
0.34404607150308525
0.33280716794057336
0.32957312917095705
0.3375573361270981
0.31652317401338864
0.32094440120001744
0.3412256383968579
0.33050209328519936
0.305427014307625
0.3112305789997257
0.30154424625148935
0.3312368241659743
0.33627914732194036
0.3443223404408881
0.3336294210539846
0.3248845567115473
0.3288100818854889
0.3308577451113696
0.33515687391385096
0.32504867815413035
0.3201046004085188
0.3239189437784995
0.33709235881603783
0.318943470324818
0.34015973368081437
0.32621247397776887
0.339868577561574
0.32703646682669446
0.3384603904418355
0.32932145608967844
0.33917656800972223
0.3012800658537415
0.31790520276538303
0.3192755729556369
0.3076421089268432
0.30191703273456727
0.32217393478931644
0.33185755905341996
0.326307093045853
0.30953304058032033
0.32041780150209465
0.34251902855859084
0.3130164892656357
0.3114990789577798
0.30997540220408193
0.3485138520540692
0.3035234265101495
0.3441975706561883
0.3296694482107221
0.3378738265493517
0.3213680827016147
0.3064582621956086
0.30712329657846055
0.3421493203569281
0.3353604971206644
0.34044339765605985
0.31245131149408084
0.3304165978184178
0.3078030839859683
0.33681645356317247
0.30962338587044397
0.329913936050733
0.3324255108469152
0.3344046662177946
0.3247814829382686
0.30581021920639806
0.3193728239483735
0.3437228081623811
0.3257948442938278
0.33103255203712845
0.30048706206507203
0.33566415648376535
0.3013805715594021
0.31078354606992853
0.32155329317618037
0.3243843204553341
0.33718753518803213
0.3363642619424656
0.31114292450452585
0.31190456400264177
0.3113441537104485
0.32818542290704544
0.3191802875620734
0.3022435017620201
0.30010433880111365
0.347397344978186
0.3473829151300894
0.3119494981871621
0.30939095320157817
0.3233981236515254
0.323281600717561
0.33075085654533526
0.3012324221004522
0.3485900003869447
0.33661324692149003
0.32466683774894456
0.33531567476036134
0.3321453960631061
0.33549764316245184
0.330329786868782
0.30713736616205467
0.33421698283408585
0.30395878012293764
0.3164571153011467
0.3135254039184721
0.32498024174378426
0.3380319158432169
0.30538161519776874
0.3316240522688221
0.3271323225721528
0.3459095663847963
0.3142995735658876
0.3317884588481419
0.33098761241343716
0.3383227321284567
0.32442834580291047
0.3382182153322333
0.3391082793411262
0.3326280993860077
0.3155785642820055
0.3305746178223016
0.33548715799082773
0.3338776023264695
0.3447408538410156
0.33427256978365333
0.33266068207024796
0.3374836791370398
0.3081629260437315
0.3026156213295563
0.31177119944659215
0.3199616759683747
0.3180501307689635
0.3414514132640133
0.30552081685202565
0.3056302973456752
0.3044610242134423
0.3015648546290888
0.3181630689107602
0.32808166575890607
0.34018926530903976
0.3315976187342473
0.3371640119685701
0.3276944382676673
0.30542407855179593
0.30588512328453715
0.30993098379507356
0.34845663858121095
0.3257637999383656
0.32723591412890013
0.3020550886471947
0.34888921958326513
0.31872046280364974
0.3393434197952961
0.3078426050793007
0.34491709782284785
0.31819812496230127
0.33921636273083894
0.33852081865878086
0.31212126151530206
0.3225536124703397
0.3307415891182674
0.3033954388551651
0.33792375007596676
0.3037555709539314
0.3162519466751897
0.33240955561044633
0.32490670909492775
0.3238462085781893
0.3347618054365681
0.32200823748341884
0.3476473750026873
0.3213798393497274
0.342354159823941
0.31294819236345284
0.30516279250497136
0.3287632842611029
0.327055761761889
0.34270854741009094
0.3443011852123255
0.3004554615548483
0.30142051935582614
0.3384566023009286
0.33719135296256586
0.3007969267131311
0.31795647560005
0.32410158372754033
0.316167112100172
0.3448348945863504
0.34747789610659313
0.3238297157811065
0.33542072235672726
0.3408852034400196
0.3164416265045052
0.3046555562565581
0.3330073917167261
0.33172995492519963
0.34633557775029244
0.3229473993577713
0.32072237862634084
0.30728800398462947
0.3252273188902252
0.31258862906054063
0.34780287749012695
0.30331522087514134
0.337651968142399
0.3214222799766566
0.32336876618948474
0.31019241911874973
0.3151211884882597
0.3228926531361951
0.32500948417219855
0.34814106165498687
0.3056688204868676
0.32234567917393503
0.31094870742540553
0.34327034027938624
0.3350137534800547
0.3152788428743672
0.3157741580690245
0.34770396112545154
0.30311693064788076
0.3439418122632874
0.30680679342484046
0.31566091694042125
0.33813690715219863
0.30308053640053045
0.3088017928946848
0.31877178451998506
0.3190471711097009
0.3032904084107347
0.3378231679624127
0.3391005426501378
0.3464684863328115
0.3133982114837628
0.33481448667414987
0.33031163965219906
0.3225907966514056
0.31152790402816816
0.30360011663689307
0.30417301509215183
0.3134117799582683
0.3110219011396121
0.3347945586688855
0.30911800250896126
0.3389029077160955
0.3011873730514092
0.31237185505373993
0.3399025310431276
0.33112893065047255
0.3159161714887161
0.343452717735301
0.30548874592401554
0.3277929919540767
0.3195873454384994
0.3262039349322017
0.3331621729022514
0.3221570918279785
0.3393028224251081
0.32661279780388774
0.3325467489078436
0.33379644415766846
0.33542966905724736
0.3222986616463143
0.32262054438013243
0.32718628118358944
0.3146264513862876
0.34645446831771093
0.3260547169318247
0.3106909686386077
0.32901657323422373
0.3274729395265301
0.31119920289514563
0.3081278160516722
0.30993805574720534
0.31980531523878797
0.34282089913921315
0.30971177485297463
0.3217470953405643
0.3321249504788983
0.30726355831247365
0.30885224265661876
0.3404818174159471
0.3129237117784461
0.344043328765126
0.3119694736103189
0.30680301298839985
0.34725606362953265
0.33901988447862696
0.30922566995610734
0.33752023091520533
0.31946387482527294
0.3431902694523557
0.3208245697036931
0.3001844581814886
0.3413643935988768
0.34584110405973917
0.3453234131341036
0.3026827283844432
0.34256452148073235
0.3382644992213769
0.31322247399564646
0.3025053410256533
0.34527640255795145
0.303493997152278
0.304949835917626
0.34637296315191685
0.34025252642207837
0.3425491136861259
0.3472429245905524
0.31720877796160035
0.33923296257585966
0.31549050038080434
0.338843331454668
0.321019896914656
0.3406029846455226
0.30118248501994277
0.30236773757277285
0.3381126393479768
0.33279627815675544
0.3170357429355555
0.34119531887971344
0.3402078634930022
0.31034709235687563
0.33016003672362565
0.30922077657595554
0.3294454051509092
0.3253940763485882
0.3242954822486223
0.3463621730344508
0.30197075091209763
0.3038692538483246
0.3056105002713415
0.3407840715200843
0.3317824672979794
0.33756746833769297
0.31195558904720344
0.3198989889303807
0.31978546126902124
0.304784803398468
0.34244430017844074
0.3403439651943042
0.3005430400719969
0.32323890195912763
0.33329624630809734
0.33329410316694025
0.3020498116775936
0.3115397737643688
0.33272172663042876
0.3136712161967494
0.32495783499136816
0.3245665867670407
0.33325350929636666
0.31103325016174055
0.31408002516227246
0.34872409774719887
0.30333854988378983
0.31518895333792496
0.31966765972702926
0.31220182095209015
0.34219089303772793
0.3148722903747578
0.33091296785667046
0.3430396535907624
0.32687674032393604
0.3191323928601839
0.30236308399483935
0.342015621099354
0.32935363331236583
0.3334473887481511
0.3044482970764886
0.30511457245629775
0.34871793707354476
0.3219542132147732
0.32512535059240344
0.34861104281988836
0.33022828277370525
0.32160157360705877
0.3047156623843391
0.33960519281227597
0.3057673396238321
0.3484795144473616
0.3153786690430445
0.32918763085245406
0.34728030324805603
0.3150565641001626
0.31130213115274114
0.3122770913000254
0.3363856555249085
0.340564249266876
0.33961405139689216
0.31157437389082243
0.3197922935488795
0.31130878291747055
0.3212249840284684
0.3380065745488239
0.3053767833537827
0.311261041531129
0.345294857223163
0.345497593606219
0.3237755354012192
0.30587846025295173
0.3247850375664741
0.325894052374326
0.3301288745834357
0.3267462978430628
0.3106041931055401
0.3274001529774344
0.3421774854926131
0.34629072420984325
0.30118566243651324
0.30893070129422356
0.3312564276509621
0.33151250937209276
0.32294432381760835
0.31437841595371063
0.3298578907698537
0.3314175993146387
0.34895263001043225
0.30890980557286685
0.31834108668939587
0.33457967040384684
0.31534825691878376
0.3290533329756564
0.3300561736169132
0.32505980870265544
0.3434399736220894
0.31252420334774655
0.3406187796022187
0.3107296957645682
0.329213655392144
0.3354420942364187
0.31332274541439975
0.3028972954348559
0.3389569874507588
0.30984123344636866
0.31871086392930426
0.3100177588774569
0.3220192280170094
0.3431467219226567
0.3041369049729805
0.32218735230248785
0.3483015496850593
0.3095965867163214
0.328746945484808
0.30106445632731693
0.3149337656055847
0.31542603565089944
0.3436839755951169
0.30283928543633615
0.3007349108071045
0.3069984804770106
0.30547700353330365
0.31488269257974516
0.31547796366954955
0.3039673809578336
0.3395143434638812
0.3357445160453674
0.3056830960508365
0.33898354713811574
0.3482204988021066
0.341243209350228
0.34464920804271115
0.31442453279031657
0.3060570427163974
0.339491000696911
0.33270009828684755
0.3331158493869098
0.3267501050325774
0.3238326529043046
0.32216945927958907
0.30103818101234997
0.3362105582974774
0.34884092009796386
0.3414780071019468
0.3015704381799083
0.3384577407334234
0.318708084435004
0.31076640468939726
0.30890539782721854
0.34248348720497696
0.32960049817076204
0.3399392185639523
0.3168928400204203
0.3464005297912021
0.30480185052881537
0.3096480309839799
0.3047145083700898
0.3044077244764225
0.3377608959060289
0.3016959061224159
0.3064758974241145
0.32907437526769356
0.3234807148505351
0.3185807736214217
0.32701174867090566
0.30119682803633574

Новые веса на входном слое:
12.561153001688638   6.9679200767536384   -0.09785452045903348   10.214663132590182   0.9789037621990859   
0.6502613273821451   31.170812353405445   6.643767155549969   17.70895844437397   7.104282123898219   
5.990243393320335   21.38828335657281   19.127060047774833   0.8315712473881192   18.08755078733122   

Новые веса на скрытом слое:
-9.080440416404501   
2.924525160904098   
1.8805413394782653   
-1.990321613247801   
0.021451965989093852   
3.065181969276815   

Полученный образцы:
0.325763260450714
0.3236703271411283
0.323686532400834
0.323670335638193
0.3236703299032475
0.3236703383513932
0.3236703439507223
0.32367034304363573
0.32367031675193053
0.32394323228587596
0.3236709478252312
0.3236703179138732
0.3389027011966689
0.32367034412039525
0.3237703488113075
0.32367049445153423
0.3239447099580245
0.32367114157726934
0.3242814064048271
0.32367034629309055
0.3249711937909516
0.32367038549299926
0.3236703441170325
0.3236706063539644
0.3236702866539618
0.3242491081646261
0.3236703298224955
0.32367049145331217
0.3236724336455126
0.323749403268117
0.32367047653804853
0.3236708619140226
0.3236703437914754
0.37230556198910436
0.32367032628458964
0.32367018642873174
0.3298958669796852
0.3236703340617127
0.323721598120486
0.32367032700558873
0.3239041204795863
0.3293122683059676
0.32371276648935327
0.32367033732998823
0.3237074173579349
0.32449721620716226
0.323670380219709
0.32367031761848397
0.3236707955273249
0.3237372091277089
0.32367032786395655
0.32367033985584776
0.32367034020063556
0.3236703425781188
0.32367034110019893
0.32368845177531924
0.32396709998441126
0.3236703268236726
0.3426172243944038
0.32367032562083986
0.323670328189896
0.32416766824170695
0.3236762935575593
0.32367052654195577
0.32367041956531645
0.32367032656822153
0.3255041226012134
0.3236703433921263
0.32406333314294655
0.32367032411156776
0.3236703380724317
0.3236764452645645
0.32367034248144255
0.32367033925930566
0.3236762793794956
0.3238024215630017
0.32386992676436643
0.32367233395556533
0.3237318790524376
0.32367035367150326
0.3236703417960232
0.3236702629429309
0.32367034456582705
0.3236787564662638
0.3236703173192533
0.3236816262090091
0.32367036412461875
0.32367034610721923
0.3236727769182955
0.32367050096530364
0.32367035267569283
0.3243228525810097
0.3236723568544107
0.32367157053993284
0.32369558312184327
0.3236703464018114
0.3236703363607659
0.32833027933015924
0.32369890140972357
0.3236703465956258
0.3239239310766918
0.32367115342318153
0.3236705597884919
0.3236703452260667
0.3236703312508424
0.323670341447341
0.32367034299416675
0.3236719903784182
0.32371877505962093
0.32376852134122924
0.3236811167566287
0.32391409687519146
0.32367120672503075
0.32367034110674986
0.32374473031508205
0.3337810220289766
0.32367032063360246
0.3236705926738239
0.3610757237447541
0.323670347168007
0.32419427072896384
0.32513054466171565
0.3236770807898308
0.32367033577097515
0.3236703234769561
0.32396091354890455
0.3236702442690716
0.32367033352505276
0.3236703419489663
0.3236703420387072
0.323670332010411
0.32367034217816026
0.3236703365595047
0.3237096316442886
0.32478163127124876
0.32367033568488
0.32367169583851085
0.32367032939058843
0.3236703234984082
0.3237628307725807
0.3238801676444132
0.3236801492377496
0.3237057964131041
0.32367034242244186
0.32367033801824147
0.3237184892799733
0.3266986945955899
0.32369470500034786
0.32387267070568293
0.3572608524768284
0.3236707174395049
0.3236728295003367
0.3236703298632622
0.32397441054407494
0.32370661793362704
0.32367018620817983
0.3236703310887474
0.32367033017574576
0.3237374951364004
0.32546046489456476
0.32367033144666496
0.3236705745442793
0.3236704201981788
0.3236702266584044
0.32367034216672086
0.3236703380806052
0.3236755095276491
0.3236789355557751
0.32367399773861777
0.3357935786948524
0.3236703395448053
0.32367034181058385
0.3236844687795922
0.3236703661496162
0.3236703472731784
0.3236703343049283
0.323670327658093
0.34407782585628965
0.32369203307254213
0.3236708214030016
0.32367034385572363
0.3275324122021225
0.3237833427005348
0.32367034597133776
0.3236703321270247
0.3245762716998207
0.32367032155164455
0.3236703390886173
0.32367032831369413
0.3237093622173478
0.3236703814249424
0.32367034576835413
0.33427705044891887
0.32371247619488075
0.3236703416956443
0.32367032955986774
0.3249453237961977
0.3288279024372726
0.32369733076564683
0.3236703383191931
0.3237088531471746
0.32367032750274455
0.32367038846240975
0.3237013805149165
0.32368484703204387
0.3236703418662245
0.3236703249761288
0.3236763216002026
0.3236703461911053
0.32367797480300897
0.32432290699784494
0.32367191249838756
0.32367034179198817
0.3237880658305319
0.3237907257067206
0.3270836512532233
0.3241276618384799
0.3236703403335937
0.32367032682716196
0.32367034442507214
0.3239618130194726
0.32367238942078813
0.3238383653460609
0.3236703437954509
0.32367031444332206
0.3545483186336158
0.3236703335759884
0.32367772695270286
0.3248207940571271
0.3236703438150053
0.3238703415066583
0.32367033896645014
0.3236703371310711
0.32367142730944204
0.3236706528051544
0.3236703453147681
0.3236703412135084
0.32367170241089077
0.32367032930868284
0.32367217495752704
0.3236743372706855
0.3236703448471169
0.3236703372695621
0.3238015157880243
0.3236703464297175
0.3236703295144108
0.323670343629557
0.3236703340151864
0.32367034564220737
0.3236703313960857
0.323849339988554
0.3236703405512852
0.32367034023415847
0.3245750971798159
0.32370324860444355
0.3236703286443525
0.32367033028064063
0.33028397452595026
0.32367112967904454
0.32367034145640844
0.32367759198936735
0.32367744770011386
0.32367034505309583
0.3243936035209504
0.32367040589472595
0.323670322122647
0.3260183471249537
0.32367049987873947
0.32367033900124365
0.32536480426483055
0.32414726023497176
0.32367036471819405
0.32367031748978614
0.32367064461501094
0.3268883575773932
0.3236703454772125
0.3260832234185182
0.32367174589077413
0.3236703294589206
0.3236703454270125
0.3238592104079486
0.32367034594436617
0.32367033690395053
0.32367192114947685
0.3236703432919997
0.32367034445175874
0.3241985193209765
0.3236703467020503
0.32367033788144406
0.3236703346547031
0.32367034732443023
0.3236704168521983
0.32367033008506046
0.32367032057623246
0.32367032084709024
0.324752090277005
0.3236703291906502
0.32367034476972645
0.32367034153063073
0.3244950815423351
0.3236703143079934
0.32367034329988514
0.32367033554174224
0.323736588417626
0.32367034693794544
0.32370919724661723
0.32418017272854877
0.32367063667956253
0.32367049341757237
0.3293287702762949
0.32367072555846965
0.3236704028696844
0.3236702847218058
0.32367022780865234
0.3236703339499578
0.32367033758977504
0.3236703409256552
0.32367033674823537
0.32367030187139445
0.32367034258357935
0.32367035267375
0.3236801440547041
0.3236703340231123
0.32369654924022395
0.3237389858684747
0.32367030924858414
0.3236908714364387
0.3236702142392954
0.32367032751784364
0.3236703224471279
0.3236703403910437
0.32368165663650483
0.32367043819755914
0.32367032503086035
0.3236703232132832
0.3320973206769645
0.3236703132599975
0.3236854841101159
0.32371074348061685
0.3273539949383592
0.3241253460868031
0.32368237352042106
0.32367734065774795
0.3247957062910597
0.32367033610496987
0.32367033833772024
0.3249974543245608
0.32878786539478794
0.3236702996705083
0.3236824238137911
0.32367034242130754
0.3236703252604148
0.3236703417964987
0.3239671141095674
0.32367458161073764
0.32367032899172826
0.32367113634313466
0.32380759037033635
0.32367034491970925
0.3236704862845798
0.3236951524808342
0.32837078963716954
0.3236704616700223
0.3287402981289032
0.3298887653542667
0.32367034264874966
0.32369350462397756
0.3236703416526876
0.3237040537426073
0.32368389725017477
0.3236703315383402
0.3236703377832342
0.3236703429800364
0.3236707848395156
0.3236856505375042
0.3236703301869541
0.3236703294450779
0.3237009339241506
0.32367034446014875
0.32367043141535656
0.3236703310464256
0.3236703429159447
0.32371328817677136
0.3236799982737337
0.32371102817647734
0.3236703439009974
0.3236703384509166
0.32367034416889734
0.324354622735388
0.32367033844281284
0.3236703369142918
0.32367133369924905
0.3236791142795521
0.323670328448693
0.3237293015132284
0.3236703812566263
0.3291511030688156
0.32546029188401143
0.3236713395561633
0.32377418443941886
0.32367181484120394
0.3356992028643808
0.32367034357313196
0.3238690170269004
0.3236720427361034
0.3237139808804667
0.3236703440884713
0.32367031992701273
0.32367033534934325
0.323670390680734
0.32367032872858453
0.3236703309472032
0.3236703330281128
0.32367161601586275
0.32391088155741105
0.3238252064559121
0.3236702561635631
0.32367033984535587
0.3236703387904746
0.32957325054000247
0.323686296259867
0.3236715013404077
0.32545298255849203
0.32367034042341775
0.32367031299320453
0.32373400289858345
0.3236703408673621
0.32367032713626404
0.32367033276657964
0.32367033988527466
0.32373601962819337
0.3236703335949295
0.3236703358379625
0.32539791337853
0.3236886761351823
0.32367032522184347
0.32458003696336546
0.3236703426746325
0.3236983394565317
0.32394268941496085
0.32367033354204483
0.32367035127775046
0.32367025755898876
0.32368447825825497
0.32367034176066495
0.3369427180567627
0.3511159714228208
0.32367033043154364
0.32367037922674663
0.3236705066256139
0.32463132079532553
0.32367033860643496
0.32367034322894594
0.32367033524985006
0.3236707785231084
0.3236703238658848
0.32367045023036567
0.3242532347815938
0.32367034089526314
0.3236703687438282
0.32373795886962903
0.34928070598008143
0.3237361178892
0.32367564223913137
0.32367032079581254
0.32367034172883347
0.3236703482626292
0.3236705278196045
0.32367031719778494
0.32372294949457725
0.32367033210630036
0.32386214715332606
0.3237897399339171
0.3236755105231589
0.32370104298155267
0.32367034429982044
0.323670320890051
0.32397595475523366
0.3236705143319365
0.32367032600452766
0.32367069198237447
0.32582430611648366
0.34098601930209266
0.3237459450611615
0.32520164139345886
0.3236703262241245
0.32476773022067706
0.32367240871469793
0.32367029092411315
0.3236703361596554
0.3237236933707737
0.3236703457956533
0.32368489020147656
0.3240916074205381
0.32367062614397896
0.3236705995944425
0.3236982341295087
0.3238636622041877
0.33014867931749303
0.32367037222955114

Ошибка сети: 2.199892020374156E-4
Количество итераций: 259