Количество входных данных: 500
Входные образцы Х:
0.8719225164273594
0.37748313877852224
0.8025946241841124
0.5153481735286786
0.40721819586167507
0.6596765076499544
0.5897077918418036
0.014789644616438391
0.7349451074314842
0.8459838423897508
0.4379008671548765
0.5326591404305465
0.14514324178966165
0.7256758108859431
0.9062203697432389
0.4121020159376705
0.16635494190420952
0.6714466788340557
0.7112154209892081
0.8088733458601488
0.1095771982139716
0.9596774549239884
0.4164401298452832
0.9030201570119283
0.38922289053852743
0.819712024053824
0.9402402444421065
0.8375163766592706
0.17263524130009889
0.07741029853161407
0.8127623304124199
0.335540981208844
0.6138012660934535
0.6889079019285241
0.8328511926743514
0.019379119574117865
0.9122614494898601
0.42242508877325247
0.276477106247787
0.5564648048357081
0.7048145342063653
0.4391322209186389
0.09056124141178623
0.8918735915074644
0.8454679966969246
0.5484927541787818
0.5695445352769984
0.9916114887142109
0.4581860000889113
0.469168916251829
0.8567712070693421
0.7173365381170949
0.25733849868549863
0.5134896915797413
0.23873523916356132
0.6806879414714248
0.5223568080105286
0.7316438507332855
0.6074644087085758
0.1841869490717618
0.7859517545412983
0.7011760580200204
0.654793047643701
0.6457124269137324
0.24935350479192997
0.8280270164409399
0.3320013786960886
0.22484386551858204
0.17338209906691582
0.23727341069865748
0.8592758129588576
0.7219024030775587
0.010760437157372182
0.07488721076245364
0.10167089656824813
0.20431085904108448
0.8429327644729045
0.31624786281373884
0.4417307774137954
0.2299318941191555
0.7637529286942635
0.9828052298457566
0.37365369883873545
0.9833328796590035
0.21275841504262394
0.005205016308644339
0.919860647493816
0.11846487676813733
0.9023481395682719
0.8393522372077963
0.6280549529898284
0.6100325450530246
0.9060328880637211
0.34130315976459724
0.3453365913045
0.45587060055063233
0.6790291151582355
0.33753911960526617
0.18566182603220016
0.6439313823010602
0.26781883369551096
0.7890905677576725
0.10791445432849911
0.40002753957358195
0.731898785198008
0.4411433761532686
0.3040825711502707
0.3662626696261707
0.8487951753064242
0.3741734122759587
0.160510551823837
0.025121664108054942
0.5025200230865671
0.9283197178741279
0.8999229040243456
0.38048203764321886
0.7659986731688525
0.05962057700044765
0.13789302738443399
0.6343459309287878
0.5795978042472013
0.3049006032873447
0.49465654683199634
0.3568821572294072
0.10073602713561958
0.18151153486805893
0.09164539675763594
0.43740655398794426
0.25366020649645404
0.028792894673487668
0.23184564446469103
0.9252174425377885
0.7438224659092811
0.010033363653533023
0.8140580503726254
0.7217429916332105
0.8178938815217073
0.23687701708520525
0.0633676403894865
0.9692455358631541
0.34830340008951644
0.7525335442763421
0.973604445433203
0.896367323706927
0.4002907478786648
0.4158148121887353
0.45230471157256313
0.827091346417197
0.29981518346735836
0.5649345346129641
0.5346579323921733
0.03722955985560239
0.36226194438954873
0.7081722827445796
0.190152074222929
0.15134022345784015
0.8647412542777216
0.38791620472712507
0.1841055368788863
0.8130151409823778
0.5488752057574043
0.7952636656798808
0.17600131192714186
0.4327662816987876
0.9263199765504595
0.6742729235104793
0.7375150069756224
0.9202808100933368
0.9258722729720317
0.548122694285043
0.2553552241978878
0.44160230298199366
0.968860386216182
0.323850913259753
0.747511335155661
0.40683500271152107
0.38862198623287647
0.8880078078620972
0.4662300266323015
0.09025732899665717
0.22022203544719587
0.39247259512759836
0.7870189232176878
0.5122692683856732
0.7781660231416898
0.547847176807935
0.29020164657202585
0.4713883317745343
0.11271535595663618
0.39125398155743685
0.13002587520086673
0.904546702104215
0.3895128926373843
0.676029906579141
0.7560519082079912
0.07523212889923903
0.47257862297744213
0.2427212500436723
0.8025262960425842
0.44155383008625415
0.5073368568532518
0.4739497728092821
0.49367122436204536
0.44010366938900447
0.09818779908321473
0.2101330982199362
0.22629732683235426
0.8365220852223227
0.7542379203601958
0.30870753065042345
0.0858738049552491
0.7399672818736682
0.6371555854417693
0.366414724044102
0.9281666379616991
0.8562251601744474
0.2867189405779519
0.992378262368436
0.3157817237234871
0.06298673535387378
0.9224758926081934
0.41910996402750655
0.03742707377058907
0.930858529870445
0.12403642350104305
0.1692498584179274
0.15743402455356248
0.38496075631731363
0.17786990198603247
0.957757813256724
0.5440544754640634
0.3045072898410164
0.14508105107086455
0.0024390140699785956
0.6072773952649408
0.49154983014826603
0.7524901461302511
0.44009931626294907
0.5403849214141977
0.10510868409091523
0.5384442733726452
0.6012907697632902
0.704194105922572
0.35320086355002456
0.29513857785491415
0.48352146226926584
0.9189077916006502
0.9628154913045066
0.7408270939450664
0.8809681933187586
0.33572408968324374
0.7066759307972438
0.5281553021883971
0.27814408132144064
0.24883070904043836
0.055666486614802224
0.14894750804115608
0.7956380459235712
0.6781369452172824
0.8470911068430957
0.031133739973393637
0.18795602465522754
0.804072712806114
0.7114703787042829
0.14010269977649836
0.13665911198122704
0.36801037362960576
0.8843719602755477
0.694618755593498
0.8564069014773052
0.9653420209567913
0.9448092979055643
0.18654219723305276
0.3371789378760247
0.752971164198069
0.9680316420924291
0.753944076417174
0.3828607821727058
0.4689543431004255
0.5580682425207989
0.0988083224226235
0.9745458609141
0.8192550257862725
0.23417816564134342
0.5633649180427011
0.38631773033392103
0.22504830207747362
0.6853965217749652
0.6832003661462731
0.9119418872250401
0.6437416390190941
0.47865674663886426
0.5206424335075504
0.02280989399951172
0.6778539617372357
0.9085077441829691
0.34851825095901123
0.27064326263325367
0.468120786493856
0.8102338060656524
0.8022359974033297
0.27287790673869716
0.9306710128464293
0.32322424818467677
0.4472424475521818
0.6743145858557666
0.7428464353042936
0.7877286315118058
0.8192596673882688
0.06553441092613621
0.10821244273794117
0.18567266538883742
0.3863061387308787
0.45674294295717455
0.7385342938741063
0.7949990688010775
0.5543590352040589
0.055120282480025096
0.678970337596856
0.01703629721317479
0.7926157928017833
0.7744182178922262
0.5724598291359666
0.6576875002385971
0.18966480223843873
0.11746055567223601
0.7102598888608677
0.2957711517238
0.2684767142434603
0.8153657674941239
0.7478123182068346
0.7556332652438907
0.6859791650804686
0.8817256645365261
0.2785978279490775
0.11619138851645017
0.5220794727041844
0.5456379659163051
0.5533617045286127
0.13485787657138537
0.2233514280662744
0.8644044555911575
0.5080715619619603
0.442330906683996
0.9082036813417873
0.6848704716096642
0.9211942126046012
0.37302922513309444
0.6631990251197479
0.021795594230336723
0.9593554506333422
0.8359866970528528
0.6642953161232393
0.852309848502847
0.5901730815188563
0.20231105957044426
0.4421302263249559
0.7874228434747587
0.3420300277905918
0.7878509545030582
0.3770738757351024
0.07471853602861078
0.6727806917438756
0.1435039559416822
0.5576246444795179
0.9107812770199164
0.7728609726823188
0.03063753430174987
0.4648253576557322
0.09756361339936603
0.9729980952464251
0.6553840115177596
0.5557280182313817
0.6638201213393005
0.052693567374554995
0.4631094427909995
0.7105377896246186
0.19089537512663435
0.6528787225858336
0.5531456196141634
0.6809173348941933
0.23156871508644283
0.6846193487171657
0.5639134008451561
0.13103518030103634
0.39132215573695883
0.09547189703495773
0.699854402989396
0.5982927024884619
0.35331179464298945
0.6060708028401742
0.4241277457555569
0.717266188763139
0.37148766654816046
0.06175281765943319
0.22481669999048115
0.34825198194965645
0.5307202885829536
0.8575006393183942
0.7774301048385337
0.8309039503343724
0.37845690247886776
0.4892151554754781
0.7727718374383865
0.4438047604137858
0.3693440012636874
0.6603017090308897
0.6567908158519284
0.2924131125191831
0.9324170531185645
0.5297824701364484
0.5378133534657434
0.27068154986172777
0.8698723459619796
0.6266239463914651
0.5565984306584982
0.4457403769738658
0.2270996622955993
0.6746946285213112
0.08594550115730326
0.20039484418692655
0.7355693215013057
0.07374461604354288
0.2291238211138069
0.7347849663729742
0.4233300307861475
0.06402584245717158
0.22018118875492676
0.07640786681365741
0.01228918336127982
0.6656477753090518
0.4942286797245993
0.5768049917221741
0.27711060559046685
0.3284899481554735
0.39208785864090234
0.9835676791833803
0.6274788616543017
0.8544697614759084
0.6912250309128057
0.5679161017250604
0.7936440002421509
0.5611898351666521
0.4136870957829415
0.46095854929160895
0.6445733608936145
0.8444664736526809
0.6517918062014901
0.30583879953674853
0.8487025311377531
0.26696677409273006
0.47361478822960956
0.5683320941306238
0.2991906484231801
0.05115886339424869
0.3228548532887313
0.36505038382866917
0.9687498174949367
0.3870061857841849
0.7114475036796712
0.4662702963861306
0.13353197586094523
0.2783130818298787
0.4183365291832999
0.2094980410584084
0.7112214118829107
0.7463560557459967
0.8541018376588859
0.42023754416474346
0.795394118074164
0.08541107909934342
0.728681225016376
0.07802917252888997
0.33637025480246663
0.5220140372903035
0.6682127028015336
0.3886784124985859
0.3181995261924133
0.06826837949998477
0.9670629503514299
0.12769526706390688
0.7120831826518972
0.5792397973378604
0.23239678577898526
0.6053166424998919
0.9484509909356765
0.025455074019507085
0.2811813171559302
0.37008552954416885
0.6430750648670747
0.7737486111528287
0.28330764056149893
0.8158125211996379
0.8370167457079063
0.23317613525921388
0.809552177916872
0.18584664318609712
0.06586664310977608
0.5674426779567038
0.1393884135875566

Входные образцы Y:
0.07893403598670357
0.16065237476544225
0.30126756580904923
0.9111992059097244
0.45254464483953527
0.8009520447955065
0.5553361711564873
0.9562287365821479
0.2923986267019809
0.49016589549495204
0.33296461173903036
0.947652396431308
0.5710255370557675
0.803562841047031
0.751330368473044
0.31743162613612375
0.8535415575044409
0.47163204483414256
0.36109788916675645
0.7461601718869754
0.9254305342456257
0.10443434569338306
0.7304952705855203
0.41489714185486326
0.11496724727583874
0.13706219102397443
0.283374408074222
0.12302101738853743
0.5620223506122404
0.8819805709151457
0.9755136884993145
0.3224286198366354
0.5453396328351314
0.4109360571878198
0.769398901749365
0.09594096467486257
0.12197891146595496
0.3572842886644114
0.024944230605217776
0.1165680619255447
0.7554680750926427
0.6290014767606196
0.8620924534761574
0.6643232607935232
0.3133104858240259
0.4533081142713187
0.27095935590173204
0.848566594356989
0.7998448600633064
0.1357485386268351
0.24616417902595766
0.2863964126955454
0.45705652504507976
0.40973314332195754
0.5042148125894742
0.6213965836911026
0.41379058880218655
0.27696424513270057
0.4062923530769037
0.4320868026206065
0.8929187790956575
0.7948312444840552
0.553506710466058
0.27571143541081833
0.09636384345773152
0.3537738843693806
0.14767143101806102
0.8405423112938958
0.27948644620759244
0.6057772487925933
0.6178722557577222
0.4386594321120244
0.19919113293331847
0.354575739081439
0.20158081037272269
0.3612128383381775
0.07421000947993928
0.3988075031502162
0.13879088110383309
0.9394577782234819
0.43137349790196333
0.5312748940129665
0.8886321036725392
0.507394536901883
0.7282798216580072
0.6406305442668413
0.31014143425208174
0.8456332454368806
0.4406261586443646
0.13622257778126012
0.06235050624655547
0.1011432719271601
0.3815657116636004
0.7224968003775895
0.5735721358287628
0.6238353846190233
0.3808071905743827
0.8862675386978803
0.8057473213294768
0.638464379829028
0.0927738454723771
0.3283330248093793
0.6969393497215634
0.17912897405799877
0.62599167797735
0.970325257327628
0.6035390843922075
0.25368420175666284
0.8899772415722956
0.09834804836033895
0.28347142195383546
0.7766715580566236
0.041247531990989295
0.6668716665686215
0.9626700883286653
0.41191019253647776
0.17667589792758065
0.7795158153327006
0.8093138923580996
0.09968252965817648
0.4702691178805304
0.8877672490992399
0.7037944592070712
0.7084856660638945
0.27854310204553034
0.3043422678315879
0.5371122529713657
0.947610051101961
0.3500252278150914
0.2148181308210506
0.3963736528971432
0.4043452416359873
0.16601397792814465
0.4893221251267502
0.9032887288233747
0.32840179640714084
0.6125772238219482
0.24548013700103366
0.6600463194935171
0.5761776554889246
0.6378725062297698
0.2944918023146861
0.2266688303572525
0.9487861151561905
0.2842241329949202
0.31411215407073856
0.30492610037301826
0.010301756163232811
0.5009934513823483
0.8354848205520162
0.8361146076390936
0.35646966893162857
0.44213033336897734
0.9051851288641368
0.5334839695299829
0.21916231070790093
0.531395186140312
0.5894959009434826
0.9648202736395838
0.2381577296954458
0.4385927093948473
0.3248528321849672
0.6766713918324057
0.20935143289577274
0.2517599441642525
0.48655999749788703
0.008926776566887118
0.6273035864456646
0.5531029228763087
0.44729069613359607
0.1869402914449254
0.8800624169234351
0.8105774538425057
0.8275524537847662
0.9981113834146805
0.02549318238421827
0.48236161124872046
0.6022090085463813
0.860816423436391
0.18088183992211548
0.4980685361238478
0.22031678457427317
0.3758087429458522
0.6913711681602661
0.32840030062250836
0.9199466026142091
0.5136820747627928
0.407826172860413
0.6840445376040543
0.9753259616192611
0.4367193636158748
0.6010148734027412
0.9949675846998354
0.7005513771872578
0.5794245013787881
0.2665294858716929
0.2128592188924191
0.6522836825102969
0.01926217582204981
0.8336621362370888
0.15233566246198293
0.623254001899492
0.3576065119563432
0.5814881225085214
0.5406090961608596
0.6990718817422078
0.3006269426192759
0.3866993812412838
0.18068355476767084
0.8627407477391714
0.8808149567632104
0.780268832099422
0.14973855042789852
0.37445070215257237
0.7920832106402826
0.6738164443296274
0.7522132939255173
0.42863202816687784
0.6248440313686614
0.5315864507771672
0.026206082459756974
0.39591708901320855
0.8822017516254955
0.21023375270845146
0.9621550860059044
0.2945726882648889
0.5343690568716475
0.166157612903306
0.2343676627624035
0.004128291990294519
0.5256448808266699
0.23890882777880784
0.16881810503389727
0.13334038115024494
0.08676731104268243
0.7592363971936289
0.8747338153171123
0.38529668312333787
0.9251818932621038
0.3016279799005892
0.9528428517732572
0.7243783001033355
0.36674216067048393
0.003738530830297515
0.9597563472804735
0.642961959971789
0.30458581782305005
0.008889365681039485
0.8558113860659105
0.3501583746763529
0.3744065256122865
0.25286007821708545
0.9928012366415379
0.7605469707161611
0.120067797264366
0.5124839398037699
0.8083717305153596
0.7477813705967931
0.03948217070802296
0.3610970961024267
0.2854636273099418
0.24610362524322593
0.3079052568261157
0.43468040500601446
0.4080327768301435
0.43222005388441576
0.6642709082113495
0.20257239779355318
0.29838152558408215
0.40065477882485645
0.41592029617903414
0.2579203122406303
0.4567857467466725
0.45761161312768495
0.7680541398424858
0.9955756921195814
0.5407042741330563
0.4015388727950534
0.7164642364725706
0.4289297946101889
0.41870856119928457
0.9330057313060984
0.5555765901478497
0.8122233367243783
0.8133718982525378
0.6421629133609236
0.648565003047579
0.6811539455486292
0.7077095198341404
0.8589743446422371
0.48227118926267676
0.9021439936988078
0.8313619444206849
0.01957068471085255
0.18689310422901895
0.3294202875849175
0.9655661155435781
0.10148963633213348
0.63888050227619
0.7090964047814449
0.5100596749462564
0.11123196382015654
0.9852028942113165
0.540737409219411
0.7404158853064466
0.5694762057802434
0.9281316856472515
0.7094255666867801
0.4509082014821264
0.4324592680390077
0.39190515612323074
0.8351351789944648
0.225854727130268
0.9124438941323949
0.2561207776519928
0.4512634269324527
0.41149457765856645
0.215858312644848
0.6854271344913293
0.32045274094985166
0.9707998153487428
0.304607348294029
0.21106268491316882
0.4233806563960173
0.7952280834321992
0.404218284760994
0.12701668648826936
0.4149803205649234
0.7202725366198716
0.13189873717188172
0.9520632605885958
0.6325954178071059
0.44576731000085723
0.7982484311986126
0.6786462117984117
0.061861559468142646
0.7972584373171746
0.6482797097770019
0.28056945628881114
0.018645425635170132
0.28135167438322495
0.5505671038766726
0.483673216751478
0.6891621323444329
0.6857998207261183
0.9177589418720298
0.11715418917047293
0.0854299392849831
0.5541943673942668
0.44734933569395907
0.4579132545131648
0.41951129726575265
0.725477560055139
0.6085215768674673
0.85629155609835
0.37752724745260546
0.7700921629496458
0.6690395598943322
0.588781895817749
0.28322221483172283
0.07743847347852639
0.45557654257141655
0.32177940140086947
0.6808945761266406
0.5534091296830367
0.9715353893371255
0.7901616284937918
0.43879782890674945
0.3721241492177263
0.4583284294771267
0.2954648626614915
0.0766562537589639
0.992589918678698
0.47924885264702755
0.4106502434104262
0.6547279133724707
0.6988578127474825
0.1294797706317954
0.8419294912889461
0.22688658180201227
0.25135912441082453
0.5314513687337915
0.7428467764586898
0.5564841894406772
0.8474452805955697
0.36167011819832273
0.9017900565963394
0.5212933558955293
0.4807630110902339
0.2733085958857956
0.13133119911693947
0.39261922970424723
0.9619464810638302
0.7282582857446832
0.8762713544606844
0.963708910582944
0.317209617222168
0.9330116082911527
0.5269943518979017
0.32387568839279346
0.016773310667782204
0.2846539651081007
0.17570724105156998
0.9272941932560252
0.501663850950731
0.976410290321232
0.5853741865665273
0.48921205829830394
0.775270805811414
0.18660466218559935
0.9546260413371705
0.15736253904231368
0.40515344743271253
0.5805556771017736
0.6566545357547201
0.3526511585613453
0.1409371377241101
0.6918446149835288
0.506076858330115
0.6507295538542228
0.4957422145518029
0.11755693054078298
0.2649827664347534
0.08485759103601431
0.06143925371413095
0.3615119437514418
0.03785270181341782
0.29049478638709547
0.0321270119106547
0.5901599550098675
0.9247626029326681
0.9833505407875608
0.3955799633382363
0.5277396758033835
0.8032668954537675
0.36516206567168275
0.519014285914769
0.21045291716510828
0.39157820027198387
0.18525795727519034
0.40337315098084214
0.34382782617454255
0.8091389269115323
0.35100422222123373
0.7094327325455309
0.5631058901709676
0.6954058503865663
0.17651866313732423
0.769383010299849
0.9834018712425173
0.5736461626018773
0.5865789427187961
0.18913824591250072
0.04455017738596656
0.5537695435540123
0.8514381961638259
0.31948373616337145
0.804964669801282
0.6566972862425475
0.7183015135378155
0.8282674336096407
0.5195040067824133
0.012496596225041845
0.12650528154976048
0.841195830304828
0.5482473400804565
0.9354841287118717
0.04598113598641007
0.6353958495150024
0.3862505311385255
0.41172973896361353
0.3623743898379088
0.6677553892653967
0.878766050340416
0.8478680389251837
0.14722671012944089
0.7991572921137826
0.49207460920838864
0.02485161490293042
0.0979213894033093
0.9360725234007127
0.8469902836899109
0.07625669584341455
0.40962870302352483
0.9525804307429799
0.5902644593702907
0.9679782537954073
0.850278069262016
0.6787351488609449
0.07852943789918454
0.3946282489295324
0.3496228268557616
0.9452988768695608
0.2800845342989995
0.22767762852395879
0.984751833252192
0.1602144726844814
0.7617436561313851
0.6513583965939397
0.8469424333939635

Выходные образцы (эталон) F:
0.6322807541137087
0.6304351566364543
0.6443239003207356
0.6445183032190984
0.605753983328039
0.6367100621475434
0.6054148358898488
0.6330046939871109
0.6318405037429886
0.6423085509289722
0.6010026913980603
0.6045140632638708
0.6399261293089078
0.6166245355965677
0.6305868105867514
0.6463570129451967
0.6321995132259469
0.6482582862618804
0.623847727615046
0.6329432779625603
0.6036309412941391
0.627176937758504
0.6175864423123654
0.6186321696094524
0.612586393261749
0.6478698614651529
0.6039825706411301
0.6313958966184597
0.6337529204784378
0.6481879034667225
0.6023440155918501
0.6233758576191425
0.609864897075239
0.6034705130670067
0.6260998892411569
0.6427177034361528
0.6433153787802124
0.6245110943786016
0.6486487917542104
0.6009078322735618
0.6111128140825662
0.6168884424224854
0.6028161213256413
0.6242021818730337
0.635800580684077
0.6212009074590624
0.6140969745544352
0.6246375822306316
0.6178952623739777
0.6197799868583246
0.6465652732207915
0.6175465968539664
0.6331193566477429
0.6485313230485465
0.648315120908491
0.6194586835524237
0.6022050377839885
0.603653618897029
0.6035669842202427
0.629763711632169
0.6293278477601728
0.6011197894473829
0.6091191573863702
0.6165382212101429
0.6252926680096362
0.6149696921230009
0.6166540408850733
0.6294905358175512
0.6024390327585238
0.6206600615754154
0.6125191720528214
0.6320677137244579
0.6188588372136791
0.634944845134532
0.6269944746302286
0.6343855107683141
0.6289267120589674
0.6360178837023476
0.6327301141899201
0.6417919191172229
0.6143318262877383
0.622939952573145
0.6079934077147698
0.6325555431051028
0.6187695769089727
0.6396934458552657
0.6085985791577554
0.6453819428822625
0.6012026382281063
0.6225605459915292
0.6419098129358944
0.6322042914482835
0.6221330437923163
0.6259044918512047
0.6141058200543518
0.6309690542623008
0.628640453434145
0.6458486026785158
0.6479733233029509
0.6069431102011442
0.6130365008134063
0.6467940140373999
0.613857151383511
0.60540561073024
0.6008610752550314
0.6021946087738097
0.612036266118355
0.6064560602256132
0.6276036217319276
0.6225164174331044
0.6107179020900708
0.623069504628513
0.6009710299439353
0.6488488090289812
0.6120460683289034
0.6284603869475862
0.6277434005807294
0.6312060726572424
0.6330060623617891
0.6112785300393236
0.6302599546946585
0.637160538230002
0.6318731911458652
0.6441538826749488
0.6003595767760226
0.6040821604150969
0.6089017957954129
0.6356310820141091
0.6221639653007031
0.6239245521140074
0.609279749924304
0.6425905245384214
0.6304360894147477
0.6171937126902375
0.6289839573102772
0.6438395931715266
0.622372619222956
0.6074632604622155
0.6370639820460352
0.6206758073938637
0.6005962317634165
0.6315587596212224
0.6400537916926973
0.6008731135859653
0.6468021688916623
0.6003237608525276
0.6116657030982952
0.6047231729532863
0.6029831515697777
0.6037014839235761
0.6346559498687967
0.6174754364203373
0.6234077272352081
0.6437185914521133
0.6447679290607438
0.605762938784828
0.6135593583444934
0.6268412973127507
0.6489569945033259
0.637375185812423
0.6400570304042675
0.6260891038890551
0.6256798022373291
0.6190451390362266
0.6371728952917644
0.6282377309314554
0.6288915389586051
0.632754258881251
0.6059384310012671
0.6134203552341976
0.6175359829472603
0.6434276757760188
0.6329878286392866
0.630445061173553
0.6287361871952832
0.6037910409183344
0.6022257983869168
0.6471864402115892
0.646597677203602
0.61059119682286
0.6201267116813991
0.6364805734951833
0.6425214226649105
0.6213447954873634
0.6129729641197813
0.6440551593829581
0.6121904226001824
0.6162720971318107
0.6406226832222958
0.6321603560339562
0.6059416031887401
0.6250976313384908
0.6424603777832092
0.6027309236151371
0.6160638365876273
0.6329550555921127
0.6120288464157286
0.6231065559283869
0.6286732263012867
0.6327204562576108
0.620466635715849
0.6005648281789593
0.6012084300100522
0.6107165097814808
0.6042825990055088
0.6361799773806709
0.647261603434058
0.6068793288837303
0.6361875212493434
0.6138107621060876
0.6034146933689299
0.6111604830869835
0.6176725642489381
0.6273419466883213
0.6119861274972999
0.6111486058370903
0.6327752310170202
0.6486564960094169
0.6281095714634162
0.6316381524994762
0.6170057683370619
0.6421993411766138
0.6183642565367992
0.6241472933657402
0.6177204314133453
0.6044086355331418
0.6472555035721337
0.6221925893805077
0.6093227387842937
0.6077366922891421
0.602204397658506
0.6184650150912835
0.643549812101313
0.625460346765204
0.6353471875398784
0.6219200516515415
0.6137581736171621
0.6159892652446071
0.6013678310567061
0.641193993013911
0.6095617751713588
0.6039207703495669
0.6247912044105421
0.6106892600694939
0.629394829184004
0.6126610295330062
0.6396498404496618
0.6451334573732999
0.6335729388965592
0.6430350171231304
0.6262036864299682
0.6154100395939797
0.621208289193101
0.6209414128022275
0.6234401930441581
0.6159828843508878
0.6478980935924711
0.628773668221065
0.6144111617743295
0.6422927515737746
0.6054502770391421
0.634024759344705
0.60507314299952
0.6220904695434553
0.6300362793994098
0.6462206596976329
0.6461897453198445
0.6067899192975166
0.6340681619779218
0.6450863875605326
0.6030271018776152
0.6215732482411115
0.6367856267812283
0.6086384932252785
0.6000278252379488
0.6411614394140133
0.6370083047806249
0.6097191643209874
0.6023841307002512
0.6088752613126556
0.6067596379551988
0.6153396481730319
0.6084474129063456
0.6038548018464955
0.6325009229989619
0.6380844873231523
0.6362094244813644
0.6170801795568038
0.6435275387296274
0.6267431128969123
0.6196692873010534
0.6161417220236143
0.6026741138058598
0.6482815973754543
0.6157609281570378
0.6435447871476435
0.6418513859002938
0.6052449525273953
0.6246571280105996
0.6417025806706363
0.6180946915430299
0.6356891142603547
0.6186892485744092
0.6276697366677272
0.630742554936328
0.616781796404177
0.647825750148635
0.6161000877613849
0.6310835053209989
0.6182827133679879
0.6416380251926077
0.6218739723413057
0.6223102985827915
0.6452161693797925
0.6409486356711961
0.6363335764616529
0.6439028875965941
0.6041828385723806
0.6489048996965238
0.6230892430880729
0.6296249992851822
0.6189225702216331
0.6280498937240476
0.6349153265059477
0.6471638877560357
0.6459363667186526
0.6340732555733535
0.6223410928829611
0.6470687998567989
0.6222031968736654
0.6283158120343509
0.6411603312351027
0.6180509514857446
0.6172861224785365
0.6197748740590594
0.6092327511375957
0.6438962436909862
0.6394122294740443
0.631311160813288
0.6376309095620025
0.6352117032447262
0.6344321593076997
0.6309936712983504
0.6233983182555924
0.63397760857412
0.6129175792867267
0.6170353991362977
0.6489275635850569
0.6404094754619497
0.6060386990558686
0.6405706664110327
0.6142416562995638
0.6029475584648624
0.6282790038560029
0.6256039390612198
0.6342675141483388
0.6142862596614299
0.6424906492489467
0.6448203339909013
0.617527398541018
0.6252317983907808
0.611271500557916
0.6485896382604764
0.6005422738141561
0.6228337271542913
0.6371536011814001
0.6474185129998089
0.642640468481856
0.6336743710659221
0.6486328814130349
0.6163096505070156
0.6297957161976981
0.6444199627386975
0.6276412092191019
0.6359720047736097
0.607580524674204
0.6397382566503339
0.6066644358583743
0.6205928190282053
0.6253140087961753
0.6384695973801635
0.6173438613874009
0.6479300368486365
0.622007742736756
0.6465019336042854
0.6250635905492622
0.6428127497340522
0.6217688313891709
0.6431449603131906
0.6077225507715637
0.642747740293624
0.6079063264341059
0.6359245551216869
0.6456174615715148
0.6372217256038333
0.6061052869361708
0.6036259390922917
0.6241218494075539
0.6444617964462652
0.6116821661537392
0.6321023950795964
0.6266362318648188
0.6068706280787105
0.6211159106194629
0.6248361851920324
0.6281058938252212
0.6020884062154899
0.6257610435836489
0.6094892241946512
0.6072552160155434
0.6156499971730643
0.6128921733710956
0.6397133211921752
0.6135712820964662
0.6035037498962412
0.612003795449073
0.6153032736090125
0.6309845726007647
0.6432374235330005
0.6225949019606181
0.6033708181792187
0.6081408021377324
0.6207170800705665
0.6475048383970224
0.6055934316284477
0.6481355207655468
0.6429863877262327
0.6122350116172132
0.6207491851623617
0.6075918798019602
0.6426966144465592
0.6355904580299778
0.6336873465335137
0.6270019982153232
0.6360417367060918
0.6474059575645709
0.6236041409605753
0.6303236690649004
0.6431583744946769
0.6050832776853294
0.6209940727896568
0.6259266600195984
0.6382169357338068
0.6041593164103324
0.6459294099937326
0.6011166812377294
0.6269781392885202
0.6241493037556018
0.6183839375930593
0.6396301119644786
0.620418251749511
0.6374649034033716
0.603161807688463
0.6186888612728011
0.6191366578540489
0.6412939613206479
0.6166182625224977
0.6334323088819214
0.6176510411585721
0.6229468200722148
0.6487662777411496
0.6058020186817547
0.6193582824978299
0.6273235172519298
0.6425516154086508
0.603244996724994
0.6238932684523443
0.6178368634482799
0.6460485159170687
0.6069225193074219
0.6068531843071361
0.620338310036251
0.6160792355879261
0.6094641269916398
0.6083714472489438
0.6263366705777617
0.6372928590566218
0.6096901436433585
0.6428232939433336
0.6310741809235052
0.6310522941443413
0.6471411357741444
0.6090241312683803
0.6128300393829633
0.627573085285089
0.6406990139265805
0.6406421351277111
0.6231585135982196
0.6206336494652163
0.6190620017987426
0.626188127478487
0.6406367962911976
0.6098337832873838
0.6243445099353925
0.6108687037983055
0.6480972999793991
0.6338167432856807
0.6416129826690459
0.6397925775449835
0.634249650596818

Новые веса на входном слое:
0.3596932587340784   -0.384058199160772   0.9718311199571644   0.48575296817986513   -0.6708197915173918   
0.41128190593057157   0.16855178013299774   -0.7396657704033545   0.5801715567819967   0.5722023709993385   
-0.9188560433840021   -0.7518936289097429   -0.18866746212254287   -0.8376931767361596   -0.5419884971797946   

Новые веса на скрытом слое:
0.6071100415599114   
-0.7072309983725587   
-0.11064158329807637   
0.1140684429065541   
0.2537371117056554   
0.7372567369366253   

Полученный образцы:
0.6246788879254874
0.6203780857836899
0.625216744456285
0.6274997251571666
0.6228870232243899
0.6276540467761109
0.6251691661019237
0.6248863666846998
0.6245324669753046
0.6268527317708226
0.6221843567446869
0.6279113000528301
0.6220106259163077
0.6281766630647008
0.6292284568184914
0.6218463241755691
0.624779246856392
0.6252080875883251
0.6247707090000031
0.6283954771346194
0.6251100294572867
0.6256886957146421
0.6253066692798077
0.626863724855141
0.6201685274992507
0.6244403846370886
0.6264138916452734
0.6245455695868428
0.622113324413739
0.6245320616656662
0.6301382862308526
0.6212465128967358
0.6252859907864537
0.6249197944746085
0.6287621661448368
0.616747652232554
0.6252902939276888
0.6222436490824214
0.618508507864377
0.621755467989852
0.6276435904139716
0.6246068259403968
0.6244204482806598
0.6284787609917583
0.6256919401334051
0.6240378878473226
0.6228809651815099
0.6306350864594161
0.6261861821223648
0.6210504032337938
0.6253999261727308
0.6243312845152263
0.6217697409080397
0.6234107710928896
0.6220517429188823
0.6264151117293121
0.6235160563371093
0.6244035571439566
0.6241805746083496
0.6210030435616362
0.629319754171885
0.6279210975458247
0.6256836851458389
0.6236037058838997
0.6187586602511193
0.6257836062914403
0.6198753962651404
0.6250134153526161
0.619572880898864
0.6229598558222564
0.627868355228471
0.6254045306854427
0.6175767750989472
0.6194871841187175
0.6183264249461986
0.6205245388713106
0.6243620603788529
0.621720896317318
0.620815302832254
0.6259219963670268
0.6257209236042671
0.6283479990940553
0.6263703274375305
0.6281950646197394
0.6239173316649527
0.6217876156446791
0.6263742925143576
0.6244267322888837
0.6270244930100568
0.6246310806313596
0.6221425206186391
0.6221819912642059
0.6266795738111754
0.624716950862553
0.6234414764621216
0.6246877740340152
0.6246206104513885
0.6261187071262222
0.6244580987107358
0.6262537562844535
0.6188998583944848
0.6252622523443152
0.6229633235031773
0.6207125892928903
0.6268660616193752
0.6274870938565934
0.6234072037179703
0.6209652223145897
0.6297846231339145
0.6199166024789518
0.6195047489736419
0.6232383406330463
0.6207856673229635
0.6288062990488553
0.6307158693255718
0.6223401368037917
0.6241283252135658
0.6234634339271329
0.6242033192258416
0.6224110648361597
0.6244261531644909
0.6259259744763307
0.6256427997526814
0.6247013233810845
0.618991609834784
0.6198516103091761
0.6213297765113355
0.627276844789959
0.620813843180249
0.6178591099822711
0.6210439550607451
0.6270002877508275
0.6238528654354363
0.6203229522091013
0.6296133527195263
0.6246460328233812
0.627480079321707
0.6198057378070385
0.6223334223381729
0.6285294146331422
0.624023777189046
0.6247085990665195
0.6264272667286747
0.6305876974187703
0.6214905474819218
0.6218521307290742
0.6220938419967554
0.6239118081277781
0.6224725153398083
0.6272334655766304
0.6270228897083305
0.6192294204386257
0.622446257261006
0.6288267113376607
0.6219709443783731
0.6188815098016338
0.6273028930814339
0.6238920485522098
0.6258798164093752
0.6249343482828477
0.6239277870218971
0.6252970255431527
0.6232034935456776
0.6212215647576439
0.626102006675458
0.6253422681260294
0.622980878730675
0.6284571179042608
0.6279892227220152
0.6239884081072299
0.619495342467248
0.6267449465282182
0.6301750876231882
0.6255219295743745
0.6298192003235319
0.6197588651108574
0.6229886969688783
0.6280021181140258
0.6267509886210014
0.6180562978658724
0.6218622767533397
0.6209432321912118
0.6255525118848991
0.625669621576462
0.6251620867295911
0.6277936360607652
0.6225125166129687
0.6230464314453522
0.622870423965336
0.6272095731380937
0.6206505067260921
0.6281362187573599
0.6273604099426352
0.6269919233696836
0.6267176433242287
0.6186859492836753
0.6216040428107761
0.6234201495485466
0.6236970114780264
0.6263559363674285
0.6215151437712058
0.6248183439934913
0.6228453617875859
0.6242141891995856
0.621407020904493
0.6236321711485757
0.6201769678070679
0.6260739112213798
0.6240371589282967
0.6257321707156155
0.6245682874373696
0.6281082304777451
0.6227287692224484
0.6219205679960567
0.6297053810601762
0.6282482264233346
0.6246143032474858
0.627773332043546
0.6236787014582612
0.6210856954180876
0.6249687555576634
0.6225227969193515
0.6243149962930568
0.6259209266839884
0.6255211252585393
0.6196701147838942
0.6217514445411454
0.6204846707630503
0.6192266902943212
0.6252498594962518
0.6245682801970254
0.6203222823075407
0.6184110665826285
0.6169272476281676
0.6220729961242674
0.6260819214831409
0.6289268892658574
0.6226107566079727
0.6277841604571599
0.6192317487598386
0.6279921123319858
0.6266050829334261
0.6247464939678727
0.6191051986061837
0.6264859115275923
0.6250541467045917
0.6263325885956992
0.6253211045273589
0.6286938152336453
0.6262508669648951
0.6216724282241083
0.6240188293889493
0.6282399341217717
0.6246326201821059
0.6189286973370529
0.6208522698638123
0.6242604721366521
0.6283013309093135
0.6225238989722283
0.6260058987554824
0.6185206875647697
0.6194075531284899
0.625271897719496
0.6252853322924128
0.6204597589246346
0.6206568295884554
0.6243938734590452
0.6254244897772839
0.6242004972037833
0.6263460017407121
0.6274436577700063
0.6263151726305867
0.6212439741625252
0.6223817352478115
0.6281164641179388
0.6314881162075878
0.6264152005779529
0.6222743213806475
0.62556176258893
0.6239307990864672
0.6202585047557568
0.6310971758078178
0.627079670526309
0.6248162403872679
0.6270431262622758
0.6243332881354472
0.623267223066934
0.6269146776953698
0.6271038698199782
0.6300591084123676
0.6250527917419377
0.6271766562756882
0.6268849833819844
0.6161523917929819
0.6233404637218465
0.6263818224721014
0.6268614006195808
0.6189883086529285
0.624905123577013
0.6281293844566584
0.6266089035126655
0.619079164088971
0.6311188503732713
0.6229930504992174
0.6256083623561053
0.6259656746729421
0.6292594714860452
0.6279491437644029
0.6263470117418068
0.6201518087334268
0.6200776215956486
0.6247266101367206
0.6209299315746929
0.6271145703756792
0.6243372068226637
0.626134485317827
0.6237673330983821
0.6180764632041934
0.6268971608204756
0.6187422257252039
0.6299515661146966
0.6249756079595806
0.6225038472250073
0.6247376702785226
0.6243862392786544
0.6202589223002625
0.6233072908030718
0.6216978445219001
0.6242077032088679
0.6243704325024758
0.6294769832996859
0.6271103263404109
0.6251438148379812
0.6293706356921996
0.6239011218489257
0.6173088449979517
0.626614998708313
0.6255673729534149
0.622802789750955
0.6171505239452474
0.6199911376784647
0.6274339489374887
0.6239453941857003
0.6251392426861597
0.6287710920518748
0.6287517248680006
0.6253574151058866
0.6198194062269738
0.6257579848487145
0.6199919883180296
0.6276554507940371
0.6262850949581541
0.6270957213786876
0.6277418903355397
0.6275820324558685
0.6206523986768476
0.6258234883957828
0.6276439773281371
0.6235498368588183
0.624967072779177
0.6198044066354979
0.6204359295333399
0.6241582295643712
0.6230346449185521
0.6248972273552875
0.6308647689794707
0.6284410482357505
0.6199697886570908
0.6227133641576581
0.6206216488453211
0.6267971130139275
0.6224909869500345
0.6284238307873317
0.6251996495798479
0.6198538568377145
0.6250006838228472
0.6272506090098354
0.6184894413488812
0.6279256818841749
0.6224317272336902
0.6237694766462341
0.6222454444332268
0.6273888896066324
0.6249717518150169
0.6245163382612294
0.6220209943779094
0.624815548857132
0.6258155189635302
0.6246616009639517
0.621005814541921
0.622320499391088
0.622537477539912
0.6293262965632352
0.6249744187178544
0.6243922310305047
0.6261036564063599
0.6213097183468307
0.6277807608706149
0.6272089577692387
0.6251262415025833
0.623979217798709
0.6213075167073608
0.6215013067540427
0.6294777889112284
0.6235794387100195
0.6270812682890449
0.6259729719638756
0.625214441102891
0.6248569646506507
0.6258128954670183
0.62794750344952
0.6218329399166779
0.6214190948205498
0.6276926536609718
0.6262605407775399
0.6233482835527093
0.6208668140621062
0.623676871724163
0.625490812801113
0.6223839959412409
0.6216983180782054
0.6235046274154511
0.6186605218036993
0.6184919305325544
0.6232055203396706
0.622284411772317
0.6166604585457569
0.6200422653267247
0.6167256531190044
0.6213319052866795
0.6286657795483782
0.6279393132980091
0.6238387882193097
0.6225407280408227
0.6253397540722437
0.6220552216156366
0.6282736616122396
0.6230110733618234
0.6262693735833639
0.623458187749797
0.6238210858659397
0.6254037247022927
0.6269930793396904
0.6221215401401596
0.6254449311980318
0.6256737020735904
0.6283088272674471
0.6230296134366995
0.6248926877461947
0.6304694517968497
0.6228772821561832
0.6245111840822672
0.6223226437573709
0.6188538475030669
0.6212231030297141
0.6257237653225587
0.6214674812413347
0.6301339607727661
0.6244636304048579
0.6274077993218135
0.6264801533361452
0.6214475066732076
0.6184429944260724
0.6205161005327589
0.6249256668615791
0.6261112954214415
0.6293412237060296
0.6243467975636081
0.624521876279602
0.6256975641150841
0.620097042408209
0.6249361354988503
0.6224986031181915
0.6260467020073326
0.6270298583157461
0.6230129524785556
0.6257043155133164
0.622532687108982
0.6165968490489221
0.6257346953882464
0.6253069531604288
0.6284079887785303
0.6217386515728665
0.6211643232471058
0.628452082950925
0.6284431182652465
0.6250495445212322
0.625449447038407
0.6245342718138308
0.6223793538985504
0.6255586872739303
0.621046187991309
0.6299386452387803
0.6254107904372328
0.6196302352838615
0.6301819249937037
0.618687619980455
0.6233295242172567
0.6257593218958396
0.6245603599210163

Ошибка сети: 2.052996656586043E-4
Количество итераций: 1130